Value,Percentile,TotalCount,1/(1-Percentile)
34.879,0.000000,1,1.00
54.655,0.100000,501861,1.11
61.119,0.200000,1000091,1.25
68.479,0.300000,1502950,1.43
72.895,0.400000,2003233,1.67
76.735,0.500000,2498681,2.00
79.167,0.550000,2748993,2.22
82.687,0.600000,2998661,2.50
88.639,0.650000,3248416,2.86
96.959,0.700000,3498422,3.33
105.023,0.750000,3748178,4.00
108.671,0.775000,3873413,4.44
112.255,0.800000,3996974,5.00
116.031,0.825000,4121577,5.71
120.255,0.850000,4247351,6.67
125.311,0.875000,4372306,8.00
128.383,0.887500,4433896,8.89
132.223,0.900000,4496874,10.00
137.215,0.912500,4559066,11.43
144.895,0.925000,4621483,13.33
159.359,0.937500,4683400,16.00
168.063,0.943750,4714592,17.78
175.871,0.950000,4745929,20.00
183.295,0.956250,4777264,22.86
191.359,0.962500,4808606,26.67
200.959,0.968750,4839574,32.00
207.103,0.971875,4855228,35.56
215.039,0.975000,4870649,40.00
225.919,0.978125,4886363,45.71
239.615,0.981250,4901920,53.33
256.511,0.984375,4917531,64.00
264.959,0.985938,4925346,71.11
272.895,0.987500,4933193,80.00
280.575,0.989062,4941139,91.43
288.511,0.990625,4948841,106.67
297.727,0.992188,4956492,128.00
303.871,0.992969,4960526,142.22
311.039,0.993750,4964333,160.00
321.023,0.994531,4968209,182.86
336.639,0.995313,4972132,213.33
358.911,0.996094,4976020,256.00
369.151,0.996484,4977984,284.44
379.391,0.996875,4979918,320.00
389.375,0.997266,4981865,365.71
398.335,0.997656,4983840,426.67
406.527,0.998047,4985803,512.00
410.367,0.998242,4986761,568.89
414.207,0.998437,4987742,640.00
418.047,0.998633,4988732,731.43
422.143,0.998828,4989710,853.33
426.495,0.999023,4990676,1024.00
428.799,0.999121,4991181,1137.78
430.847,0.999219,4991619,1280.00
433.407,0.999316,4992145,1462.86
435.711,0.999414,4992611,1706.67
438.271,0.999512,4993093,2048.00
439.551,0.999561,4993323,2275.56
441.087,0.999609,4993609,2560.00
442.367,0.999658,4993826,2925.71
444.159,0.999707,4994093,3413.33
445.439,0.999756,4994303,4096.00
446.207,0.999780,4994449,4551.11
446.975,0.999805,4994552,5120.00
447.743,0.999829,4994694,5851.43
448.511,0.999854,4994807,6826.67
449.279,0.999878,4994920,8192.00
449.791,0.999890,4994999,9102.22
450.303,0.999902,4995052,10240.00
450.815,0.999915,4995121,11702.86
451.071,0.999927,4995155,13653.33
451.583,0.999939,4995229,16384.00
451.839,0.999945,4995267,18204.44
452.095,0.999951,4995294,20480.00
452.351,0.999957,4995325,23405.71
452.607,0.999963,4995369,27306.67
452.607,0.999969,4995369,32768.00
452.863,0.999973,4995400,36408.89
452.863,0.999976,4995400,40960.00
453.119,0.999979,4995439,46811.43
453.119,0.999982,4995439,54613.33
453.375,0.999985,4995471,65536.00
453.375,0.999986,4995471,72817.78
453.375,0.999988,4995471,81920.00
453.375,0.999989,4995471,93622.86
453.375,0.999991,4995471,109226.67
453.631,0.999992,4995497,131072.00
453.631,0.999993,4995497,145635.56
453.631,0.999994,4995497,163840.00
453.631,0.999995,4995497,187245.71
453.631,0.999995,4995497,218453.33
453.631,0.999996,4995497,262144.00
453.887,0.999997,4995528,291271.11
453.887,1.000000,4995528,inf
