Value,Percentile,TotalCount,1/(1-Percentile)
74.495,0.000000,1,1.00
97.087,0.100000,502624,1.11
102.079,0.200000,1000703,1.25
108.287,0.300000,1498529,1.43
121.407,0.400000,1998390,1.67
144.639,0.500000,2499393,2.00
153.855,0.550000,2750174,2.22
162.559,0.600000,2997240,2.50
172.415,0.650000,3246941,2.86
187.775,0.700000,3496898,3.33
206.847,0.750000,3746636,4.00
213.119,0.775000,3872979,4.44
218.495,0.800000,3997957,5.00
223.743,0.825000,4122059,5.71
229.631,0.850000,4246345,6.67
237.055,0.875000,4369769,8.00
242.303,0.887500,4432939,8.89
249.471,0.900000,4494871,10.00
261.247,0.912500,4557049,11.43
282.111,0.925000,4619872,13.33
317.695,0.937500,4681893,16.00
342.015,0.943750,4713077,17.78
355.583,0.950000,4744712,20.00
365.823,0.956250,4776075,22.86
375.551,0.962500,4806826,26.67
386.047,0.968750,4838661,32.00
391.423,0.971875,4853777,35.56
397.311,0.975000,4869533,40.00
403.711,0.978125,4884807,45.71
411.647,0.981250,4900657,53.33
421.631,0.984375,4916003,64.00
428.543,0.985938,4923752,71.11
437.503,0.987500,4931642,80.00
449.279,0.989062,4939403,91.43
465.151,0.990625,4947134,106.67
491.519,0.992188,4954956,128.00
506.111,0.992969,4958854,142.22
516.863,0.993750,4962799,160.00
525.823,0.994531,4966694,182.86
534.527,0.995313,4970594,213.33
542.719,0.996094,4974467,256.00
547.327,0.996484,4976483,284.44
551.935,0.996875,4978452,320.00
557.055,0.997266,4980393,365.71
562.175,0.997656,4982311,426.67
568.319,0.998047,4984231,512.00
571.903,0.998242,4985313,568.89
574.975,0.998437,4986169,640.00
578.559,0.998633,4987131,731.43
583.167,0.998828,4988143,853.33
587.775,0.999023,4989076,1024.00
590.847,0.999121,4989639,1137.78
593.407,0.999219,4990125,1280.00
595.967,0.999316,4990533,1462.86
599.039,0.999414,4991020,1706.67
603.135,0.999512,4991556,2048.00
605.183,0.999561,4991779,2275.56
607.231,0.999609,4992006,2560.00
609.791,0.999658,4992271,2925.71
611.839,0.999707,4992494,3413.33
614.911,0.999756,4992754,4096.00
616.447,0.999780,4992880,4551.11
617.471,0.999805,4992971,5120.00
619.007,0.999829,4993099,5851.43
621.055,0.999854,4993240,6826.67
622.591,0.999878,4993353,8192.00
623.615,0.999890,4993420,9102.22
624.639,0.999902,4993480,10240.00
625.663,0.999915,4993536,11702.86
626.687,0.999927,4993596,13653.33
627.711,0.999939,4993652,16384.00
628.223,0.999945,4993688,18204.44
628.735,0.999951,4993717,20480.00
629.247,0.999957,4993740,23405.71
629.759,0.999963,4993770,27306.67
630.271,0.999969,4993802,32768.00
630.783,0.999973,4993825,36408.89
630.783,0.999976,4993825,40960.00
631.295,0.999979,4993855,46811.43
631.295,0.999982,4993855,54613.33
631.807,0.999985,4993880,65536.00
631.807,0.999986,4993880,72817.78
632.319,0.999988,4993907,81920.00
632.319,0.999989,4993907,93622.86
632.319,0.999991,4993907,109226.67
632.831,0.999992,4993945,131072.00
632.831,0.999993,4993945,145635.56
632.831,0.999994,4993945,163840.00
632.831,0.999995,4993945,187245.71
632.831,0.999995,4993945,218453.33
632.831,0.999996,4993945,262144.00
632.831,0.999997,4993945,291271.11
632.831,0.999997,4993945,327680.00
632.831,0.999997,4993945,374491.43
632.831,0.999998,4993945,436906.67
632.831,0.999998,4993945,524288.00
632.831,0.999998,4993945,582542.22
632.831,0.999998,4993945,655360.00
632.831,0.999999,4993945,748982.86
632.831,0.999999,4993945,873813.33
632.831,0.999999,4993945,1048576.00
632.831,0.999999,4993945,1165084.44
632.831,0.999999,4993945,1310720.00
632.831,0.999999,4993945,1497965.71
632.831,0.999999,4993945,1747626.67
632.831,1.000000,4993945,2097152.00
632.831,1.000000,4993945,2330168.89
632.831,1.000000,4993945,2621440.00
632.831,1.000000,4993945,2995931.43
632.831,1.000000,4993945,3495253.33
632.831,1.000000,4993945,4194304.00
632.831,1.000000,4993945,4660337.78
633.343,1.000000,4993976,5242880.00
633.343,1.000000,4993976,inf
