Value,Percentile,TotalCount,1/(1-Percentile)
43.615,0.000000,1,1.00
63.999,0.100000,997685,1.11
67.455,0.200000,1996519,1.25
70.719,0.300000,2993331,1.43
74.303,0.400000,3986231,1.67
78.143,0.500000,4979025,2.00
80.191,0.550000,5467161,2.22
82.559,0.600000,5972333,2.50
85.247,0.650000,6461670,2.86
88.511,0.700000,6954662,3.33
92.479,0.750000,7455576,4.00
94.655,0.775000,7704899,4.44
96.959,0.800000,7953480,5.00
99.391,0.825000,8201350,5.71
101.951,0.850000,8445345,6.67
104.767,0.875000,8693841,8.00
106.303,0.887500,8818050,8.89
107.967,0.900000,8944747,10.00
109.759,0.912500,9068349,11.43
111.743,0.925000,9190608,13.33
114.111,0.937500,9315639,16.00
115.455,0.943750,9377049,17.78
116.991,0.950000,9439759,20.00
118.719,0.956250,9501323,22.86
120.703,0.962500,9562938,26.67
123.135,0.968750,9626091,32.00
124.479,0.971875,9655930,35.56
126.015,0.975000,9687058,40.00
127.743,0.978125,9717981,45.71
129.791,0.981250,9749420,53.33
132.223,0.984375,9780600,64.00
133.631,0.985938,9795832,71.11
135.295,0.987500,9811782,80.00
137.087,0.989062,9827108,91.43
139.263,0.990625,9842846,106.67
141.823,0.992188,9858115,128.00
143.231,0.992969,9865411,142.22
144.895,0.993750,9873170,160.00
146.815,0.994531,9881137,182.86
148.991,0.995313,9888978,213.33
151.423,0.996094,9896596,256.00
152.831,0.996484,9900572,284.44
154.367,0.996875,9904359,320.00
156.031,0.997266,9908276,365.71
157.695,0.997656,9911893,426.67
159.743,0.998047,9915834,512.00
160.895,0.998242,9917877,568.89
162.047,0.998437,9919722,640.00
163.327,0.998633,9921633,731.43
164.735,0.998828,9923574,853.33
166.271,0.999023,9925477,1024.00
167.167,0.999121,9926555,1137.78
168.063,0.999219,9927481,1280.00
169.087,0.999316,9928454,1462.86
170.111,0.999414,9929380,1706.67
171.263,0.999512,9930390,2048.00
171.775,0.999561,9930834,2275.56
172.415,0.999609,9931344,2560.00
173.055,0.999658,9931825,2925.71
173.823,0.999707,9932326,3413.33
174.591,0.999756,9932810,4096.00
174.975,0.999780,9933049,4551.11
175.359,0.999805,9933273,5120.00
175.871,0.999829,9933514,5851.43
176.383,0.999854,9933769,6826.67
176.767,0.999878,9933966,8192.00
177.023,0.999890,9934087,9102.22
177.407,0.999902,9934279,10240.00
177.663,0.999915,9934380,11702.86
177.919,0.999927,9934493,13653.33
178.175,0.999939,9934623,16384.00
178.303,0.999945,9934676,18204.44
178.431,0.999951,9934736,20480.00
178.559,0.999957,9934795,23405.71
178.687,0.999963,9934859,27306.67
178.815,0.999969,9934919,32768.00
178.815,0.999973,9934919,36408.89
178.943,0.999976,9934976,40960.00
178.943,0.999979,9934976,46811.43
179.071,0.999982,9935021,54613.33
179.199,0.999985,9935071,65536.00
179.199,0.999986,9935071,72817.78
179.199,0.999988,9935071,81920.00
179.327,0.999989,9935114,93622.86
179.327,0.999991,9935114,109226.67
179.327,0.999992,9935114,131072.00
179.327,0.999993,9935114,145635.56
179.455,0.999994,9935168,163840.00
179.455,0.999995,9935168,187245.71
179.455,0.999995,9935168,218453.33
179.455,0.999996,9935168,262144.00
179.455,0.999997,9935168,291271.11
179.455,0.999997,9935168,327680.00
179.455,0.999997,9935168,374491.43
179.455,0.999998,9935168,436906.67
179.455,0.999998,9935168,524288.00
179.455,0.999998,9935168,582542.22
179.455,0.999998,9935168,655360.00
179.455,0.999999,9935168,748982.86
179.455,0.999999,9935168,873813.33
179.583,0.999999,9935217,1048576.00
179.583,1.000000,9935217,inf
