Value,Percentile,TotalCount,1/(1-Percentile)
23.519,0.000000,1,1.00
77.439,0.100000,997763,1.11
98.367,0.200000,1997344,1.25
108.095,0.300000,2995202,1.43
117.055,0.400000,3993586,1.67
126.463,0.500000,4989328,2.00
131.839,0.550000,5497884,2.22
137.727,0.600000,5992925,2.50
144.383,0.650000,6487079,2.86
152.063,0.700000,6986809,3.33
160.767,0.750000,7483571,4.00
165.631,0.775000,7733023,4.44
171.007,0.800000,7986320,5.00
176.767,0.825000,8232233,5.71
183.295,0.850000,8481718,6.67
190.719,0.875000,8730206,8.00
194.943,0.887500,8855375,8.89
199.551,0.900000,8980120,10.00
204.671,0.912500,9105141,11.43
210.431,0.925000,9229990,13.33
216.959,0.937500,9353398,16.00
220.799,0.943750,9417232,17.78
224.895,0.950000,9478686,20.00
229.503,0.956250,9540613,22.86
234.879,0.962500,9603783,26.67
241.023,0.968750,9665311,32.00
244.735,0.971875,9696977,35.56
248.703,0.975000,9727640,40.00
253.439,0.978125,9759211,45.71
258.815,0.981250,9790278,53.33
265.215,0.984375,9821175,64.00
269.055,0.985938,9837151,71.11
273.151,0.987500,9852584,80.00
277.759,0.989062,9868028,91.43
283.135,0.990625,9883881,106.67
289.279,0.992188,9899211,128.00
292.607,0.992969,9906664,142.22
296.447,0.993750,9914489,160.00
300.799,0.994531,9922414,182.86
305.663,0.995313,9930212,213.33
311.295,0.996094,9938013,256.00
314.367,0.996484,9941862,284.44
317.695,0.996875,9945599,320.00
321.535,0.997266,9949557,365.71
325.631,0.997656,9953368,426.67
330.495,0.998047,9957307,512.00
333.311,0.998242,9959283,568.89
336.383,0.998437,9961268,640.00
339.455,0.998633,9963090,731.43
343.039,0.998828,9965140,853.33
346.879,0.999023,9967094,1024.00
348.927,0.999121,9968034,1137.78
351.231,0.999219,9969027,1280.00
353.535,0.999316,9969985,1462.86
355.839,0.999414,9970926,1706.67
358.399,0.999512,9971862,2048.00
359.935,0.999561,9972403,2275.56
361.215,0.999609,9972843,2560.00
362.751,0.999658,9973360,2925.71
364.287,0.999707,9973858,3413.33
365.823,0.999756,9974316,4096.00
366.591,0.999780,9974546,4551.11
367.359,0.999805,9974782,5120.00
368.383,0.999829,9975065,5851.43
369.151,0.999854,9975286,6826.67
369.919,0.999878,9975510,8192.00
370.431,0.999890,9975640,9102.22
370.943,0.999902,9975781,10240.00
371.455,0.999915,9975926,11702.86
371.711,0.999927,9976001,13653.33
372.223,0.999939,9976162,16384.00
372.479,0.999945,9976242,18204.44
372.479,0.999951,9976242,20480.00
372.991,0.999957,9976375,23405.71
372.991,0.999963,9976375,27306.67
373.247,0.999969,9976449,32768.00
373.503,0.999973,9976527,36408.89
373.503,0.999976,9976527,40960.00
373.503,0.999979,9976527,46811.43
373.759,0.999982,9976600,54613.33
373.759,0.999985,9976600,65536.00
373.759,0.999986,9976600,72817.78
374.015,0.999988,9976660,81920.00
374.015,0.999989,9976660,93622.86
374.015,0.999991,9976660,109226.67
374.015,0.999992,9976660,131072.00
374.015,0.999993,9976660,145635.56
374.271,0.999994,9976727,163840.00
374.271,1.000000,9976727,inf
