Value,Percentile,TotalCount,1/(1-Percentile)
30.559,0.000000,1,1.00
55.903,0.100000,501069,1.11
61.023,0.200000,1002514,1.25
65.791,0.300000,1504849,1.43
70.271,0.400000,2006687,1.67
74.879,0.500000,2505705,2.00
77.439,0.550000,2753559,2.22
80.319,0.600000,3002125,2.50
83.647,0.650000,3251278,2.86
87.615,0.700000,3501425,3.33
92.607,0.750000,3752559,4.00
95.679,0.775000,3875375,4.44
99.519,0.800000,4001603,5.00
104.191,0.825000,4126590,5.71
109.759,0.850000,4251074,6.67
116.223,0.875000,4375563,8.00
119.871,0.887500,4438527,8.89
123.903,0.900000,4500677,10.00
128.575,0.912500,4563508,11.43
134.143,0.925000,4625402,13.33
141.311,0.937500,4688360,16.00
145.535,0.943750,4719422,17.78
150.271,0.950000,4750509,20.00
155.519,0.956250,4781969,22.86
161.151,0.962500,4813435,26.67
167.167,0.968750,4844393,32.00
170.495,0.971875,4860097,35.56
173.951,0.975000,4875516,40.00
177.791,0.978125,4891158,45.71
182.015,0.981250,4906926,53.33
186.751,0.984375,4922344,64.00
189.439,0.985938,4930192,71.11
192.383,0.987500,4937970,80.00
195.711,0.989062,4945812,91.43
199.551,0.990625,4953556,106.67
204.159,0.992188,4961392,128.00
206.847,0.992969,4965283,142.22
210.047,0.993750,4969256,160.00
213.631,0.994531,4973109,182.86
217.983,0.995313,4977010,213.33
223.871,0.996094,4980948,256.00
227.199,0.996484,4982854,284.44
231.167,0.996875,4984794,320.00
236.031,0.997266,4986748,365.71
242.175,0.997656,4988728,426.67
250.111,0.998047,4990667,512.00
254.975,0.998242,4991631,568.89
260.351,0.998437,4992608,640.00
266.495,0.998633,4993589,731.43
272.895,0.998828,4994575,853.33
280.063,0.999023,4995535,1024.00
284.159,0.999121,4996052,1137.78
287.999,0.999219,4996513,1280.00
292.607,0.999316,4997011,1462.86
297.471,0.999414,4997484,1706.67
302.591,0.999512,4997977,2048.00
305.151,0.999561,4998215,2275.56
308.223,0.999609,4998472,2560.00
311.295,0.999658,4998716,2925.71
314.879,0.999707,4998948,3413.33
318.463,0.999756,4999194,4096.00
320.767,0.999780,4999322,4551.11
323.071,0.999805,4999450,5120.00
325.119,0.999829,4999558,5851.43
327.423,0.999854,4999694,6826.67
329.215,0.999878,4999811,8192.00
330.239,0.999890,4999862,9102.22
331.519,0.999902,4999932,10240.00
332.799,0.999915,4999989,11702.86
334.591,0.999927,5000057,13653.33
335.871,0.999939,5000109,16384.00
336.639,0.999945,5000148,18204.44
337.407,0.999951,5000170,20480.00
338.431,0.999957,5000206,23405.71
338.943,0.999963,5000228,27306.67
339.711,0.999969,5000264,32768.00
340.223,0.999973,5000276,36408.89
340.735,0.999976,5000295,40960.00
341.247,0.999979,5000311,46811.43
341.503,0.999982,5000320,54613.33
342.015,0.999985,5000337,65536.00
342.271,0.999986,5000345,72817.78
342.527,0.999988,5000358,81920.00
342.527,0.999989,5000358,93622.86
342.783,0.999991,5000370,109226.67
343.039,0.999992,5000381,131072.00
343.039,0.999993,5000381,145635.56
343.039,0.999994,5000381,163840.00
343.295,0.999995,5000386,187245.71
343.551,0.999995,5000392,218453.33
343.551,0.999996,5000392,262144.00
343.807,0.999997,5000406,291271.11
343.807,0.999997,5000406,327680.00
343.807,0.999997,5000406,374491.43
343.807,0.999998,5000406,436906.67
343.807,0.999998,5000406,524288.00
343.807,0.999998,5000406,582542.22
343.807,0.999998,5000406,655360.00
343.807,0.999999,5000406,748982.86
343.807,0.999999,5000406,873813.33
344.063,0.999999,5000412,1048576.00
344.063,1.000000,5000412,inf
