Value,Percentile,TotalCount,1/(1-Percentile)
44.511,0.000000,1,1.00
65.279,0.100000,996605,1.11
68.607,0.200000,1992596,1.25
71.679,0.300000,2981712,1.43
75.007,0.400000,3979064,1.67
78.719,0.500000,4959962,2.00
80.895,0.550000,5453023,2.22
83.455,0.600000,5948985,2.50
86.527,0.650000,6447589,2.86
90.047,0.700000,6943368,3.33
93.887,0.750000,7435652,4.00
95.999,0.775000,7687819,4.44
98.175,0.800000,7933155,5.00
100.543,0.825000,8181021,5.71
103.167,0.850000,8432052,6.67
106.047,0.875000,8677535,8.00
107.647,0.887500,8799396,8.89
109.439,0.900000,8923433,10.00
111.487,0.912500,9048823,11.43
113.855,0.925000,9173339,13.33
116.671,0.937500,9295092,16.00
118.399,0.943750,9357526,17.78
120.383,0.950000,9418395,20.00
122.815,0.956250,9480800,22.86
125.823,0.962500,9542363,26.67
129.855,0.968750,9604888,32.00
132.479,0.971875,9636243,35.56
135.551,0.975000,9666467,40.00
139.519,0.978125,9697421,45.71
144.639,0.981250,9728470,53.33
151.295,0.984375,9759274,64.00
155.391,0.985938,9774693,71.11
160.383,0.987500,9790042,80.00
167.039,0.989062,9805637,91.43
179.071,0.990625,9820966,106.67
1117.183,0.992188,9836467,128.00
1147.903,0.992969,9844580,142.22
1158.143,0.993750,9852742,160.00
1166.335,0.994531,9860569,182.86
1173.503,0.995313,9867741,213.33
1180.671,0.996094,9875218,256.00
1184.767,0.996484,9879653,284.44
1187.839,0.996875,9883215,320.00
1190.911,0.997266,9886862,365.71
1195.007,0.997656,9891904,426.67
1198.079,0.998047,9895736,512.00
1199.103,0.998242,9897015,568.89
1201.151,0.998437,9899530,640.00
1202.175,0.998633,9900858,731.43
1204.223,0.998828,9903426,853.33
1205.247,0.999023,9904758,1024.00
1206.271,0.999121,9906029,1137.78
1207.295,0.999219,9907360,1280.00
1207.295,0.999316,9907360,1462.86
1208.319,0.999414,9908688,1706.67
1209.343,0.999512,9910142,2048.00
1209.343,0.999561,9910142,2275.56
1209.343,0.999609,9910142,2560.00
1210.367,0.999658,9911483,2925.71
1210.367,0.999707,9911483,3413.33
1210.367,0.999756,9911483,4096.00
1211.391,0.999780,9912812,4551.11
1211.391,0.999805,9912812,5120.00
1211.391,0.999829,9912812,5851.43
1211.391,0.999854,9912812,6826.67
1211.391,0.999878,9912812,8192.00
1211.391,0.999890,9912812,9102.22
1212.415,0.999902,9914129,10240.00
1212.415,1.000000,9914129,inf
