Value,Percentile,TotalCount,1/(1-Percentile)
40.703,0.000000,1,1.00
65.087,0.100000,1002542,1.11
70.975,0.200000,2002035,1.25
76.927,0.300000,3002864,1.43
82.751,0.400000,3998141,1.67
89.279,0.500000,4995751,2.00
93.311,0.550000,5500085,2.22
98.175,0.600000,5996676,2.50
104.319,0.650000,6495569,2.86
112.063,0.700000,6994097,3.33
122.175,0.750000,7492304,4.00
128.703,0.775000,7742166,4.44
136.831,0.800000,7993540,5.00
147.455,0.825000,8241390,5.71
164.351,0.850000,8490132,6.67
216.319,0.875000,8740102,8.00
629.247,0.887500,8864751,8.89
942.591,0.900000,8989727,10.00
1101.823,0.912500,9115047,11.43
1176.575,0.925000,9241871,13.33
1219.583,0.937500,9364908,16.00
1278.975,0.943750,9426545,17.78
1782.783,0.950000,9489016,20.00
1996.799,0.956250,9551539,22.86
2140.159,0.962500,9614483,26.67
2226.175,0.968750,9677362,32.00
2275.327,0.971875,9707630,35.56
2662.399,0.975000,9738702,40.00
3018.751,0.978125,9770121,45.71
3217.407,0.981250,9801464,53.33
3330.047,0.984375,9832476,64.00
3434.495,0.985938,9847986,71.11
3893.247,0.987500,9863581,80.00
4112.383,0.989062,9879424,91.43
4329.471,0.990625,9895208,106.67
4378.623,0.992188,9911935,128.00
4395.007,0.992969,9918909,142.22
4423.679,0.993750,9926442,160.00
4607.999,0.994531,9933760,182.86
5103.615,0.995313,9941710,213.33
5316.607,0.996094,9949398,256.00
5406.719,0.996484,9953339,284.44
5435.391,0.996875,9957264,320.00
5459.967,0.997266,9961643,365.71
5492.735,0.997656,9965182,426.67
5890.047,0.998047,9968883,512.00
6143.999,0.998242,9970843,568.89
6254.591,0.998437,9972780,640.00
6418.431,0.998633,9974782,731.43
6492.159,0.998828,9976852,853.33
6524.927,0.999023,9978672,1024.00
6545.407,0.999121,9979642,1137.78
6590.463,0.999219,9980607,1280.00
6893.567,0.999316,9981562,1462.86
7176.191,0.999414,9982535,1706.67
7340.031,0.999512,9983518,2048.00
7438.335,0.999561,9984016,2275.56
7479.295,0.999609,9984505,2560.00
7544.831,0.999658,9984989,2925.71
7569.407,0.999707,9985464,3413.33
7589.887,0.999756,9985959,4096.00
7606.271,0.999780,9986250,4551.11
7618.559,0.999805,9986433,5120.00
7639.039,0.999829,9986693,5851.43
7663.615,0.999854,9986935,6826.67
7839.743,0.999878,9987168,8192.00
7970.815,0.999890,9987287,9102.22
8044.543,0.999902,9987414,10240.00
8142.847,0.999915,9987529,11702.86
8249.343,0.999927,9987651,13653.33
8286.207,0.999939,9987784,16384.00
8298.495,0.999945,9987848,18204.44
8310.783,0.999951,9987897,20480.00
8327.167,0.999957,9987974,23405.71
8339.455,0.999963,9988022,27306.67
8351.743,0.999969,9988079,32768.00
8364.031,0.999973,9988119,36408.89
8372.223,0.999976,9988142,40960.00
8384.511,0.999979,9988176,46811.43
8404.991,0.999982,9988212,54613.33
8421.375,0.999985,9988233,65536.00
8429.567,0.999986,9988249,72817.78
8445.951,0.999988,9988265,81920.00
8454.143,0.999989,9988279,93622.86
8470.527,0.999991,9988292,109226.67
8486.911,0.999992,9988310,131072.00
8495.103,0.999993,9988320,145635.56
8503.295,0.999994,9988331,163840.00
8503.295,0.999995,9988331,187245.71
8511.487,0.999995,9988342,218453.33
8519.679,0.999996,9988355,262144.00
8519.679,0.999997,9988355,291271.11
8519.679,0.999997,9988355,327680.00
8527.871,0.999997,9988366,374491.43
8527.871,0.999998,9988366,436906.67
8527.871,0.999998,9988366,524288.00
8527.871,0.999998,9988366,582542.22
8536.063,0.999998,9988375,655360.00
8536.063,0.999999,9988375,748982.86
8536.063,0.999999,9988375,873813.33
8536.063,0.999999,9988375,1048576.00
8536.063,0.999999,9988375,1165084.44
8536.063,0.999999,9988375,1310720.00
8544.255,0.999999,9988389,1497965.71
8544.255,1.000000,9988389,inf
