Value,Percentile,TotalCount,1/(1-Percentile)
21.231,0.000000,1,1.00
77.503,0.100000,998271,1.11
110.207,0.200000,1997134,1.25
123.263,0.300000,2998815,1.43
134.143,0.400000,3997749,1.67
145.279,0.500000,5001264,2.00
151.295,0.550000,5491149,2.22
158.207,0.600000,5996896,2.50
166.015,0.650000,6495165,2.86
175.103,0.700000,6987936,3.33
186.239,0.750000,7487109,4.00
192.767,0.775000,7736807,4.44
200.063,0.800000,7986657,5.00
208.255,0.825000,8235851,5.71
217.471,0.850000,8485422,6.67
228.095,0.875000,8737404,8.00
233.855,0.887500,8860137,8.89
240.255,0.900000,8984858,10.00
247.295,0.912500,9110129,11.43
255.103,0.925000,9234026,13.33
264.191,0.937500,9359700,16.00
269.311,0.943750,9421940,17.78
274.943,0.950000,9483744,20.00
281.343,0.956250,9547238,22.86
288.511,0.962500,9608717,26.67
296.959,0.968750,9671336,32.00
301.823,0.971875,9702748,35.56
307.199,0.975000,9734326,40.00
313.087,0.978125,9765157,45.71
319.743,0.981250,9796073,53.33
327.423,0.984375,9826575,64.00
332.031,0.985938,9842791,71.11
336.895,0.987500,9858330,80.00
342.271,0.989062,9873747,91.43
348.415,0.990625,9889230,106.67
355.583,0.992188,9904814,128.00
359.679,0.992969,9912606,142.22
364.031,0.993750,9920179,160.00
369.151,0.994531,9928246,182.86
374.527,0.995313,9935772,213.33
381.183,0.996094,9943770,256.00
384.767,0.996484,9947611,284.44
388.607,0.996875,9951396,320.00
392.959,0.997266,9955296,365.71
397.823,0.997656,9959281,426.67
403.199,0.998047,9963142,512.00
406.271,0.998242,9965129,568.89
409.599,0.998437,9967058,640.00
412.927,0.998633,9968883,731.43
416.511,0.998828,9970818,853.33
420.863,0.999023,9972865,1024.00
422.911,0.999121,9973757,1137.78
425.471,0.999219,9974794,1280.00
428.031,0.999316,9975767,1462.86
430.335,0.999414,9976673,1706.67
433.151,0.999512,9977643,2048.00
434.943,0.999561,9978217,2275.56
436.223,0.999609,9978640,2560.00
438.015,0.999658,9979161,2925.71
439.551,0.999707,9979605,3413.33
441.343,0.999756,9980127,4096.00
442.111,0.999780,9980327,4551.11
443.135,0.999805,9980619,5120.00
443.903,0.999829,9980861,5851.43
444.671,0.999854,9981065,6826.67
445.695,0.999878,9981341,8192.00
446.207,0.999890,9981463,9102.22
446.719,0.999902,9981599,10240.00
447.231,0.999915,9981707,11702.86
447.743,0.999927,9981832,13653.33
448.255,0.999939,9981945,16384.00
448.511,0.999945,9982005,18204.44
448.767,0.999951,9982048,20480.00
449.023,0.999957,9982113,23405.71
449.279,0.999963,9982173,27306.67
449.535,0.999969,9982236,32768.00
449.791,0.999973,9982303,36408.89
449.791,0.999976,9982303,40960.00
449.791,0.999979,9982303,46811.43
450.047,0.999982,9982372,54613.33
450.047,0.999985,9982372,65536.00
450.303,0.999986,9982429,72817.78
450.303,0.999988,9982429,81920.00
450.303,0.999989,9982429,93622.86
450.303,0.999991,9982429,109226.67
450.559,0.999992,9982483,131072.00
450.559,0.999993,9982483,145635.56
450.559,0.999994,9982483,163840.00
450.559,0.999995,9982483,187245.71
450.559,0.999995,9982483,218453.33
450.559,0.999996,9982483,262144.00
450.559,0.999997,9982483,291271.11
450.559,0.999997,9982483,327680.00
450.815,0.999997,9982531,374491.43
450.815,1.000000,9982531,inf
