Value,Percentile,TotalCount,1/(1-Percentile)
32.559,0.000000,1,1.00
57.343,0.100000,502131,1.11
63.039,0.200000,1001468,1.25
68.479,0.300000,1503108,1.43
73.855,0.400000,2002125,1.67
79.423,0.500000,2499537,2.00
82.495,0.550000,2752492,2.22
85.759,0.600000,2998680,2.50
89.407,0.650000,3249174,2.86
93.439,0.700000,3500326,3.33
97.983,0.750000,3749501,4.00
100.543,0.775000,3874518,4.44
103.423,0.800000,4000094,5.00
106.751,0.825000,4124975,5.71
110.847,0.850000,4248456,6.67
116.351,0.875000,4373230,8.00
119.935,0.887500,4435326,8.89
124.415,0.900000,4498158,10.00
129.919,0.912500,4560302,11.43
136.831,0.925000,4622974,13.33
145.407,0.937500,4685317,16.00
150.527,0.943750,4716620,17.78
156.287,0.950000,4747462,20.00
163.071,0.956250,4779204,22.86
170.623,0.962500,4810098,26.67
179.455,0.968750,4841320,32.00
184.319,0.971875,4856821,35.56
189.695,0.975000,4872494,40.00
195.455,0.978125,4888254,45.71
201.727,0.981250,4903673,53.33
208.895,0.984375,4919480,64.00
212.735,0.985938,4927108,71.11
216.959,0.987500,4934899,80.00
221.695,0.989062,4942671,91.43
227.071,0.990625,4950541,106.67
233.343,0.992188,4958376,128.00
236.927,0.992969,4962307,142.22
240.767,0.993750,4966100,160.00
245.119,0.994531,4970068,182.86
250.111,0.995313,4973974,213.33
255.871,0.996094,4977808,256.00
259.327,0.996484,4979801,284.44
263.167,0.996875,4981737,320.00
267.519,0.997266,4983690,365.71
272.127,0.997656,4985613,426.67
277.759,0.998047,4987587,512.00
280.831,0.998242,4988544,568.89
284.415,0.998437,4989576,640.00
288.255,0.998633,4990542,731.43
292.863,0.998828,4991504,853.33
297.727,0.999023,4992444,1024.00
300.799,0.999121,4992974,1137.78
303.615,0.999219,4993453,1280.00
306.943,0.999316,4993919,1462.86
311.039,0.999414,4994413,1706.67
315.135,0.999512,4994904,2048.00
317.183,0.999561,4995138,2275.56
319.487,0.999609,4995395,2560.00
321.791,0.999658,4995627,2925.71
324.607,0.999707,4995884,3413.33
326.911,0.999756,4996110,4096.00
328.703,0.999780,4996230,4551.11
330.239,0.999805,4996349,5120.00
332.031,0.999829,4996474,5851.43
333.567,0.999854,4996590,6826.67
335.615,0.999878,4996719,8192.00
336.639,0.999890,4996795,9102.22
337.407,0.999902,4996842,10240.00
338.175,0.999915,4996897,11702.86
339.455,0.999927,4996965,13653.33
340.735,0.999939,4997037,16384.00
340.991,0.999945,4997052,18204.44
341.503,0.999951,4997085,20480.00
342.015,0.999957,4997112,23405.71
342.527,0.999963,4997141,27306.67
343.039,0.999969,4997183,32768.00
343.295,0.999973,4997197,36408.89
343.551,0.999976,4997207,40960.00
343.807,0.999979,4997219,46811.43
344.319,0.999982,4997241,54613.33
344.575,0.999985,4997257,65536.00
344.575,0.999986,4997257,72817.78
344.831,0.999988,4997267,81920.00
345.087,0.999989,4997285,93622.86
345.087,0.999991,4997285,109226.67
345.087,0.999992,4997285,131072.00
345.343,0.999993,4997299,145635.56
345.343,0.999994,4997299,163840.00
345.343,0.999995,4997299,187245.71
345.599,0.999995,4997311,218453.33
345.599,0.999996,4997311,262144.00
345.599,0.999997,4997311,291271.11
345.599,0.999997,4997311,327680.00
345.599,0.999997,4997311,374491.43
345.599,0.999998,4997311,436906.67
345.855,0.999998,4997322,524288.00
345.855,1.000000,4997322,inf
