Value,Percentile,TotalCount,1/(1-Percentile)
46.527,0.000000,1,1.00
69.567,0.100000,998674,1.11
75.007,0.200000,1999677,1.25
78.975,0.300000,2992385,1.43
82.623,0.400000,3980213,1.67
86.655,0.500000,4984591,2.00
88.831,0.550000,5483204,2.22
91.071,0.600000,5975981,2.50
93.439,0.650000,6473099,2.86
95.999,0.700000,6973067,3.33
98.815,0.750000,7468165,4.00
100.351,0.775000,7712185,4.44
102.079,0.800000,7965904,5.00
103.935,0.825000,8213760,5.71
106.047,0.850000,8462751,6.67
108.479,0.875000,8708376,8.00
109.887,0.887500,8830829,8.89
111.551,0.900000,8957357,10.00
113.407,0.912500,9079418,11.43
115.711,0.925000,9205386,13.33
118.527,0.937500,9328420,16.00
120.255,0.943750,9390339,17.78
122.239,0.950000,9451633,20.00
124.671,0.956250,9514951,22.86
127.423,0.962500,9576308,26.67
130.687,0.968750,9638745,32.00
132.479,0.971875,9669348,35.56
134.527,0.975000,9700770,40.00
136.831,0.978125,9731918,45.71
139.519,0.981250,9763262,53.33
142.847,0.984375,9794269,64.00
144.895,0.985938,9809620,71.11
147.327,0.987500,9824738,80.00
150.399,0.989062,9840271,91.43
154.495,0.990625,9855641,106.67
160.767,0.992188,9871224,128.00
165.375,0.992969,9878871,142.22
172.543,0.993750,9886664,160.00
188.927,0.994531,9894405,182.86
267.007,0.995313,9902164,213.33
1170.431,0.996094,9910100,256.00
1184.767,0.996484,9913977,284.44
1193.983,0.996875,9918075,320.00
1200.127,0.997266,9922004,365.71
1205.247,0.997656,9926423,426.67
1208.319,0.998047,9929397,512.00
1210.367,0.998242,9931638,568.89
1212.415,0.998437,9933978,640.00
1213.439,0.998633,9935201,731.43
1215.487,0.998828,9937747,853.33
1216.511,0.999023,9939112,1024.00
1217.535,0.999121,9940486,1137.78
1218.559,0.999219,9941909,1280.00
1219.583,0.999316,9943289,1462.86
1219.583,0.999414,9943289,1706.67
1220.607,0.999512,9944713,2048.00
1220.607,0.999561,9944713,2275.56
1221.631,0.999609,9946166,2560.00
1221.631,0.999658,9946166,2925.71
1221.631,0.999707,9946166,3413.33
1222.655,0.999756,9947603,4096.00
1222.655,0.999780,9947603,4551.11
1222.655,0.999805,9947603,5120.00
1222.655,0.999829,9947603,5851.43
1222.655,0.999854,9947603,6826.67
1222.655,0.999878,9947603,8192.00
1223.679,0.999890,9949052,9102.22
1223.679,1.000000,9949052,inf
