Value,Percentile,TotalCount,1/(1-Percentile)
36.159,0.000000,1,1.00
55.935,0.100000,49949,1.11
61.631,0.200000,99715,1.25
67.519,0.300000,149692,1.43
72.959,0.400000,199539,1.67
77.631,0.500000,249831,2.00
80.063,0.550000,274322,2.22
82.879,0.600000,299316,2.50
86.079,0.650000,323953,2.86
89.663,0.700000,349292,3.33
93.503,0.750000,373835,4.00
95.743,0.775000,386261,4.44
98.431,0.800000,398938,5.00
101.567,0.825000,411345,5.71
105.279,0.850000,423751,6.67
109.503,0.875000,436134,8.00
111.999,0.887500,442436,8.89
114.687,0.900000,448688,10.00
117.759,0.912500,454819,11.43
121.407,0.925000,461108,13.33
125.503,0.937500,467275,16.00
127.871,0.943750,470415,17.78
130.431,0.950000,473507,20.00
133.247,0.956250,476690,22.86
136.319,0.962500,479787,26.67
139.903,0.968750,482871,32.00
141.951,0.971875,484383,35.56
144.383,0.975000,485949,40.00
147.071,0.978125,487490,45.71
150.271,0.981250,489064,53.33
153.983,0.984375,490628,64.00
156.159,0.985938,491394,71.11
158.719,0.987500,492176,80.00
161.663,0.989062,492935,91.43
165.119,0.990625,493732,106.67
169.087,0.992188,494491,128.00
171.519,0.992969,494901,142.22
174.079,0.993750,495267,160.00
177.663,0.994531,495664,182.86
182.655,0.995313,496048,213.33
190.079,0.996094,496435,256.00
196.479,0.996484,496627,284.44
206.335,0.996875,496823,320.00
219.775,0.997266,497017,365.71
236.671,0.997656,497213,426.67
250.751,0.998047,497406,512.00
260.735,0.998242,497503,568.89
270.335,0.998437,497601,640.00
279.039,0.998633,497698,731.43
287.231,0.998828,497797,853.33
297.215,0.999023,497894,1024.00
303.615,0.999121,497942,1137.78
308.479,0.999219,497991,1280.00
314.367,0.999316,498040,1462.86
323.839,0.999414,498089,1706.67
333.567,0.999512,498137,2048.00
337.663,0.999561,498160,2275.56
344.063,0.999609,498185,2560.00
351.743,0.999658,498209,2925.71
358.911,0.999707,498233,3413.33
365.567,0.999756,498258,4096.00
368.895,0.999780,498272,4551.11
375.295,0.999805,498282,5120.00
378.367,0.999829,498294,5851.43
384.767,0.999854,498306,6826.67
388.863,0.999878,498319,8192.00
391.935,0.999890,498325,9102.22
394.751,0.999902,498331,10240.00
397.567,0.999915,498337,11702.86
401.151,0.999927,498343,13653.33
408.575,0.999939,498349,16384.00
409.599,0.999945,498352,18204.44
414.207,0.999951,498355,20480.00
415.743,0.999957,498358,23405.71
417.791,0.999963,498361,27306.67
418.815,0.999969,498364,32768.00
419.327,0.999973,498366,36408.89
422.655,0.999976,498367,40960.00
427.519,0.999979,498369,46811.43
427.775,0.999982,498370,54613.33
429.055,0.999985,498372,65536.00
429.567,0.999986,498373,72817.78
429.567,0.999988,498373,81920.00
435.967,0.999989,498374,93622.86
437.759,0.999991,498376,109226.67
437.759,0.999992,498376,131072.00
437.759,0.999993,498376,145635.56
437.759,0.999994,498376,163840.00
438.527,0.999995,498377,187245.71
438.527,0.999995,498377,218453.33
438.783,0.999996,498378,262144.00
438.783,0.999997,498378,291271.11
438.783,0.999997,498378,327680.00
438.783,0.999997,498378,374491.43
438.783,0.999998,498378,436906.67
442.367,0.999998,498379,524288.00
442.367,1.000000,498379,inf
