Value,Percentile,TotalCount,1/(1-Percentile)
72.255,0.000000,1,1.00
106.111,0.100000,500111,1.11
115.327,0.200000,999389,1.25
124.415,0.300000,1500900,1.43
134.527,0.400000,1998753,1.67
147.711,0.500000,2499426,2.00
155.519,0.550000,2750176,2.22
164.351,0.600000,2999466,2.50
173.567,0.650000,3248182,2.86
182.783,0.700000,3497388,3.33
193.151,0.750000,3746414,4.00
199.295,0.775000,3872181,4.44
206.207,0.800000,3996175,5.00
214.015,0.825000,4121817,5.71
222.335,0.850000,4245552,6.67
231.679,0.875000,4371619,8.00
236.927,0.887500,4433625,8.89
243.199,0.900000,4495908,10.00
251.135,0.912500,4558326,11.43
261.247,0.925000,4620065,13.33
275.199,0.937500,4682952,16.00
283.903,0.943750,4714170,17.78
293.887,0.950000,4745347,20.00
304.127,0.956250,4776121,22.86
314.879,0.962500,4807647,26.67
327.167,0.968750,4838992,32.00
334.847,0.971875,4854495,35.56
344.319,0.975000,4869902,40.00
355.583,0.978125,4885464,45.71
369.919,0.981250,4901044,53.33
390.911,0.984375,4916670,64.00
401.919,0.985938,4924361,71.11
412.159,0.987500,4932316,80.00
421.375,0.989062,4939983,91.43
430.591,0.990625,4947809,106.67
440.319,0.992188,4955668,128.00
445.439,0.992969,4959528,142.22
451.327,0.993750,4963493,160.00
457.727,0.994531,4967278,182.86
465.919,0.995313,4971275,213.33
476.415,0.996094,4975140,256.00
483.583,0.996484,4977060,284.44
493.055,0.996875,4979003,320.00
506.367,0.997266,4980960,365.71
519.167,0.997656,4982906,426.67
529.919,0.998047,4984903,512.00
534.527,0.998242,4985813,568.89
539.647,0.998437,4986822,640.00
544.767,0.998633,4987781,731.43
550.399,0.998828,4988817,853.33
556.031,0.999023,4989738,1024.00
559.103,0.999121,4990233,1137.78
562.687,0.999219,4990738,1280.00
566.271,0.999316,4991202,1462.86
570.367,0.999414,4991714,1706.67
573.951,0.999512,4992152,2048.00
575.999,0.999561,4992397,2275.56
578.559,0.999609,4992688,2560.00
580.607,0.999658,4992915,2925.71
582.655,0.999707,4993135,3413.33
585.215,0.999756,4993366,4096.00
586.751,0.999780,4993508,4551.11
587.775,0.999805,4993612,5120.00
589.823,0.999829,4993761,5851.43
590.847,0.999854,4993853,6826.67
592.383,0.999878,4993979,8192.00
592.895,0.999890,4994037,9102.22
593.919,0.999902,4994113,10240.00
594.943,0.999915,4994182,11702.86
595.455,0.999927,4994222,13653.33
596.479,0.999939,4994290,16384.00
596.991,0.999945,4994326,18204.44
597.503,0.999951,4994359,20480.00
598.015,0.999957,4994391,23405.71
598.527,0.999963,4994432,27306.67
598.527,0.999969,4994432,32768.00
599.039,0.999973,4994477,36408.89
599.039,0.999976,4994477,40960.00
599.551,0.999979,4994515,46811.43
599.551,0.999982,4994515,54613.33
599.551,0.999985,4994515,65536.00
600.063,0.999986,4994548,72817.78
600.063,0.999988,4994548,81920.00
600.063,0.999989,4994548,93622.86
600.063,0.999991,4994548,109226.67
600.063,0.999992,4994548,131072.00
600.575,0.999993,4994580,145635.56
600.575,0.999994,4994580,163840.00
600.575,0.999995,4994580,187245.71
600.575,0.999995,4994580,218453.33
600.575,0.999996,4994580,262144.00
600.575,0.999997,4994580,291271.11
600.575,0.999997,4994580,327680.00
600.575,0.999997,4994580,374491.43
600.575,0.999998,4994580,436906.67
600.575,0.999998,4994580,524288.00
600.575,0.999998,4994580,582542.22
600.575,0.999998,4994580,655360.00
600.575,0.999999,4994580,748982.86
600.575,0.999999,4994580,873813.33
600.575,0.999999,4994580,1048576.00
600.575,0.999999,4994580,1165084.44
601.087,0.999999,4994621,1310720.00
601.087,1.000000,4994621,inf
