Value,Percentile,TotalCount,1/(1-Percentile)
42.239,0.000000,1,1.00
73.727,0.100000,998584,1.11
81.599,0.200000,2005549,1.25
87.999,0.300000,3004085,1.43
94.271,0.400000,3995852,1.67
100.927,0.500000,4996648,2.00
104.575,0.550000,5496764,2.22
108.671,0.600000,5997684,2.50
113.471,0.650000,6495443,2.86
119.423,0.700000,6989830,3.33
127.423,0.750000,7490556,4.00
132.607,0.775000,7741766,4.44
138.879,0.800000,7988031,5.00
147.071,0.825000,8239420,5.71
158.463,0.850000,8487782,6.67
178.687,0.875000,8737704,8.00
201.343,0.887500,8861668,8.89
364.543,0.900000,8986440,10.00
921.599,0.912500,9111242,11.43
1120.255,0.925000,9236344,13.33
1201.151,0.937500,9363313,16.00
1229.823,0.943750,9424727,17.78
1373.183,0.950000,9485679,20.00
1874.943,0.956250,9548167,22.86
2117.631,0.962500,9611728,26.67
2211.839,0.968750,9673068,32.00
2265.087,0.971875,9704916,35.56
2336.767,0.975000,9735738,40.00
2801.663,0.978125,9766498,45.71
3129.343,0.981250,9797780,53.33
3313.663,0.984375,9829213,64.00
3389.439,0.985938,9844808,71.11
3508.223,0.987500,9860146,80.00
3958.783,0.989062,9875767,91.43
4206.591,0.990625,9891545,106.67
4362.239,0.992188,9907323,128.00
4411.391,0.992969,9914987,142.22
4468.735,0.993750,9922814,160.00
4550.655,0.994531,9930484,182.86
5054.463,0.995313,9938151,213.33
5349.375,0.996094,9945966,256.00
5451.775,0.996484,9949806,284.44
5529.599,0.996875,9953756,320.00
5599.231,0.997266,9957664,365.71
6025.215,0.997656,9961513,426.67
6340.607,0.998047,9965444,512.00
6479.871,0.998242,9967432,568.89
6545.407,0.998437,9969300,640.00
6610.943,0.998633,9971307,731.43
6655.999,0.998828,9973335,853.33
6819.839,0.999023,9975154,1024.00
7118.847,0.999121,9976126,1137.78
7286.783,0.999219,9977121,1280.00
7421.951,0.999316,9978076,1462.86
7561.215,0.999414,9979134,1706.67
7606.271,0.999512,9980077,2048.00
7643.135,0.999561,9980543,2275.56
7675.903,0.999609,9981020,2560.00
7704.575,0.999658,9981531,2925.71
7753.727,0.999707,9981995,3413.33
7921.663,0.999756,9982466,4096.00
8060.927,0.999780,9982709,4551.11
8155.135,0.999805,9982956,5120.00
8245.247,0.999829,9983197,5851.43
8314.879,0.999854,9983450,6826.67
8372.223,0.999878,9983697,8192.00
8396.799,0.999890,9983818,9102.22
8421.375,0.999902,9983961,10240.00
8437.759,0.999915,9984061,11702.86
8462.335,0.999927,9984204,13653.33
8478.719,0.999939,9984295,16384.00
8495.103,0.999945,9984370,18204.44
8511.487,0.999951,9984428,20480.00
8527.871,0.999957,9984477,23405.71
8552.447,0.999963,9984556,27306.67
8568.831,0.999969,9984613,32768.00
8577.023,0.999973,9984663,36408.89
8577.023,0.999976,9984663,40960.00
8585.215,0.999979,9984706,46811.43
8593.407,0.999982,9984747,54613.33
8601.599,0.999985,9984805,65536.00
8601.599,0.999986,9984805,72817.78
8601.599,0.999988,9984805,81920.00
8601.599,0.999989,9984805,93622.86
8609.791,0.999991,9984877,109226.67
8609.791,0.999992,9984877,131072.00
8609.791,0.999993,9984877,145635.56
8609.791,0.999994,9984877,163840.00
8609.791,0.999995,9984877,187245.71
8609.791,0.999995,9984877,218453.33
8609.791,0.999996,9984877,262144.00
8609.791,0.999997,9984877,291271.11
8609.791,0.999997,9984877,327680.00
8609.791,0.999997,9984877,374491.43
8617.983,0.999998,9984975,436906.67
8617.983,1.000000,9984975,inf
