Value,Percentile,TotalCount,1/(1-Percentile)
22.767,0.000000,1,1.00
85.567,0.100000,996877,1.11
93.439,0.200000,1996918,1.25
98.815,0.300000,2992316,1.43
103.231,0.400000,3989293,1.67
107.647,0.500000,4985515,2.00
110.143,0.550000,5488234,2.22
112.959,0.600000,5987295,2.50
116.159,0.650000,6477150,2.86
119.999,0.700000,6976917,3.33
124.607,0.750000,7476360,4.00
127.295,0.775000,7721790,4.44
130.367,0.800000,7970892,5.00
134.015,0.825000,8228341,5.71
138.111,0.850000,8474328,6.67
142.975,0.875000,8720527,8.00
145.791,0.887500,8845134,8.89
148.863,0.900000,8968932,10.00
152.319,0.912500,9093541,11.43
156.287,0.925000,9216657,13.33
161.279,0.937500,9342800,16.00
164.223,0.943750,9404277,17.78
167.679,0.950000,9465726,20.00
171.903,0.956250,9527730,22.86
177.279,0.962500,9590910,26.67
184.191,0.968750,9652905,32.00
188.415,0.971875,9684017,35.56
193.279,0.975000,9714789,40.00
198.783,0.978125,9745921,45.71
204.927,0.981250,9776819,53.33
211.583,0.984375,9808243,64.00
215.039,0.985938,9823569,71.11
218.879,0.987500,9839401,80.00
222.847,0.989062,9854634,91.43
227.199,0.990625,9870159,106.67
232.191,0.992188,9885839,128.00
234.879,0.992969,9893544,142.22
237.823,0.993750,9901400,160.00
241.023,0.994531,9909195,182.86
244.479,0.995313,9916955,213.33
248.447,0.996094,9924792,256.00
250.367,0.996484,9928524,284.44
252.671,0.996875,9932487,320.00
255.103,0.997266,9936410,365.71
257.663,0.997656,9940234,426.67
260.479,0.998047,9944101,512.00
262.015,0.998242,9946027,568.89
263.679,0.998437,9948054,640.00
265.471,0.998633,9949964,731.43
267.519,0.998828,9952073,853.33
269.567,0.999023,9953930,1024.00
270.591,0.999121,9954810,1137.78
271.871,0.999219,9955872,1280.00
273.151,0.999316,9956884,1462.86
274.431,0.999414,9957833,1706.67
275.455,0.999512,9958654,2048.00
276.223,0.999561,9959201,2275.56
276.991,0.999609,9959749,2560.00
277.759,0.999658,9960245,2925.71
278.527,0.999707,9960764,3413.33
279.039,0.999756,9961093,4096.00
279.551,0.999780,9961460,4551.11
279.807,0.999805,9961612,5120.00
280.319,0.999829,9961944,5851.43
280.575,0.999854,9962106,6826.67
281.087,0.999878,9962448,8192.00
281.087,0.999890,9962448,9102.22
281.343,0.999902,9962596,10240.00
281.599,0.999915,9962755,11702.86
281.855,0.999927,9962904,13653.33
282.111,0.999939,9963059,16384.00
282.111,0.999945,9963059,18204.44
282.111,0.999951,9963059,20480.00
282.367,0.999957,9963221,23405.71
282.367,0.999963,9963221,27306.67
282.367,0.999969,9963221,32768.00
282.623,0.999973,9963370,36408.89
282.623,0.999976,9963370,40960.00
282.623,0.999979,9963370,46811.43
282.623,0.999982,9963370,54613.33
282.623,0.999985,9963370,65536.00
282.879,0.999986,9963545,72817.78
282.879,1.000000,9963545,inf
