Value,Percentile,TotalCount,1/(1-Percentile)
45.471,0.000000,1,1.00
64.479,0.100000,994312,1.11
68.223,0.200000,1992425,1.25
71.615,0.300000,2981562,1.43
75.263,0.400000,3982848,1.67
79.167,0.500000,4975903,2.00
81.343,0.550000,5479317,2.22
83.711,0.600000,5969598,2.50
86.527,0.650000,6469723,2.86
89.791,0.700000,6957712,3.33
93.631,0.750000,7454202,4.00
95.743,0.775000,7703555,4.44
97.983,0.800000,7951844,5.00
100.415,0.825000,8202087,5.71
103.039,0.850000,8448919,6.67
105.983,0.875000,8698853,8.00
107.583,0.887500,8821500,8.89
109.375,0.900000,8947719,10.00
111.295,0.912500,9068972,11.43
113.599,0.925000,9193516,13.33
116.415,0.937500,9318535,16.00
118.079,0.943750,9379446,17.78
120.063,0.950000,9442168,20.00
122.367,0.956250,9502934,22.86
125.247,0.962500,9565028,26.67
128.959,0.968750,9627068,32.00
131.327,0.971875,9658187,35.56
134.399,0.975000,9690123,40.00
138.239,0.978125,9720597,45.71
143.871,0.981250,9751829,53.33
151.423,0.984375,9782391,64.00
156.159,0.985938,9797873,71.11
161.919,0.987500,9813405,80.00
169.983,0.989062,9829059,91.43
188.031,0.990625,9844454,106.67
1148.927,0.992188,9860196,128.00
1163.263,0.992969,9867741,142.22
1172.479,0.993750,9876236,160.00
1179.647,0.994531,9883388,182.86
1187.839,0.995313,9891637,213.33
1196.031,0.996094,9899311,256.00
1200.127,0.996484,9902963,284.44
1205.247,0.996875,9907294,320.00
1209.343,0.997266,9910741,365.71
1214.463,0.997656,9914923,426.67
1218.559,0.998047,9918201,512.00
1221.631,0.998242,9920623,568.89
1223.679,0.998437,9922257,640.00
1226.751,0.998633,9924761,731.43
1228.799,0.998828,9926424,853.33
1230.847,0.999023,9928057,1024.00
1231.871,0.999121,9928910,1137.78
1233.919,0.999219,9930556,1280.00
1234.943,0.999316,9931412,1462.86
1235.967,0.999414,9932285,1706.67
1236.991,0.999512,9933154,2048.00
1238.015,0.999561,9934015,2275.56
1238.015,0.999609,9934015,2560.00
1239.039,0.999658,9934880,2925.71
1239.039,0.999707,9934880,3413.33
1240.063,0.999756,9935712,4096.00
1240.063,0.999780,9935712,4551.11
1240.063,0.999805,9935712,5120.00
1241.087,0.999829,9936545,5851.43
1241.087,0.999854,9936545,6826.67
1241.087,0.999878,9936545,8192.00
1241.087,0.999890,9936545,9102.22
1242.111,0.999902,9937385,10240.00
1242.111,0.999915,9937385,11702.86
1242.111,0.999927,9937385,13653.33
1242.111,0.999939,9937385,16384.00
1242.111,0.999945,9937385,18204.44
1242.111,0.999951,9937385,20480.00
1242.111,0.999957,9937385,23405.71
1242.111,0.999963,9937385,27306.67
1242.111,0.999969,9937385,32768.00
1242.111,0.999973,9937385,36408.89
1242.111,0.999976,9937385,40960.00
1242.111,0.999979,9937385,46811.43
1243.135,0.999982,9938192,54613.33
1243.135,1.000000,9938192,inf
