Value,Percentile,TotalCount,1/(1-Percentile)
26.751,0.000000,1,1.00
108.479,0.100000,501269,1.11
119.999,0.200000,999953,1.25
129.343,0.300000,1500594,1.43
139.519,0.400000,1997690,1.67
156.799,0.500000,2498193,2.00
170.495,0.550000,2747848,2.22
182.271,0.600000,2999290,2.50
190.847,0.650000,3249816,2.86
198.655,0.700000,3499239,3.33
207.103,0.750000,3746522,4.00
212.095,0.775000,3872008,4.44
217.855,0.800000,3995225,5.00
225.023,0.825000,4120388,5.71
234.367,0.850000,4245311,6.67
247.807,0.875000,4370316,8.00
257.023,0.887500,4432283,8.89
269.311,0.900000,4494291,10.00
287.231,0.912500,4557175,11.43
307.711,0.925000,4619557,13.33
323.327,0.937500,4682075,16.00
329.471,0.943750,4712917,17.78
335.871,0.950000,4744996,20.00
342.527,0.956250,4775924,22.86
349.951,0.962500,4806693,26.67
358.911,0.968750,4838085,32.00
364.031,0.971875,4853446,35.56
370.175,0.975000,4868852,40.00
377.855,0.978125,4884379,45.71
388.607,0.981250,4900217,53.33
403.967,0.984375,4915687,64.00
414.463,0.985938,4923479,71.11
427.519,0.987500,4931216,80.00
443.647,0.989062,4939058,91.43
459.007,0.990625,4946815,106.67
473.087,0.992188,4954590,128.00
479.743,0.992969,4958476,142.22
486.655,0.993750,4962394,160.00
494.079,0.994531,4966380,182.86
502.015,0.995313,4970199,213.33
510.975,0.996094,4974060,256.00
516.095,0.996484,4976012,284.44
521.983,0.996875,4977989,320.00
528.895,0.997266,4980003,365.71
536.575,0.997656,4981899,426.67
546.303,0.998047,4983832,512.00
552.447,0.998242,4984833,568.89
559.103,0.998437,4985839,640.00
566.271,0.998633,4986744,731.43
574.975,0.998828,4987732,853.33
584.191,0.999023,4988698,1024.00
588.799,0.999121,4989194,1137.78
593.919,0.999219,4989696,1280.00
599.039,0.999316,4990185,1462.86
604.159,0.999414,4990641,1706.67
609.791,0.999512,4991126,2048.00
612.863,0.999561,4991394,2275.56
615.423,0.999609,4991629,2560.00
618.495,0.999658,4991897,2925.71
621.055,0.999707,4992122,3413.33
623.615,0.999756,4992350,4096.00
625.151,0.999780,4992484,4551.11
626.687,0.999805,4992615,5120.00
628.223,0.999829,4992741,5851.43
629.759,0.999854,4992848,6826.67
631.295,0.999878,4992972,8192.00
632.319,0.999890,4993052,9102.22
632.831,0.999902,4993093,10240.00
633.343,0.999915,4993140,11702.86
634.367,0.999927,4993221,13653.33
635.391,0.999939,4993294,16384.00
635.391,0.999945,4993294,18204.44
635.903,0.999951,4993348,20480.00
636.415,0.999957,4993394,23405.71
636.415,0.999963,4993394,27306.67
636.927,0.999969,4993443,32768.00
636.927,0.999973,4993443,36408.89
636.927,0.999976,4993443,40960.00
637.439,0.999979,4993481,46811.43
637.439,0.999982,4993481,54613.33
637.951,0.999985,4993521,65536.00
637.951,0.999986,4993521,72817.78
637.951,0.999988,4993521,81920.00
637.951,0.999989,4993521,93622.86
637.951,0.999991,4993521,109226.67
638.463,0.999992,4993567,131072.00
638.463,1.000000,4993567,inf
