Value,Percentile,TotalCount,1/(1-Percentile)
24.671,0.000000,1,1.00
100.799,0.100000,998322,1.11
109.055,0.200000,1996594,1.25
115.199,0.300000,2994120,1.43
121.855,0.400000,3999081,1.67
130.495,0.500000,4991449,2.00
136.703,0.550000,5492192,2.22
145.663,0.600000,5989261,2.50
156.543,0.650000,6490727,2.86
164.351,0.700000,6986212,3.33
171.519,0.750000,7487897,4.00
175.487,0.775000,7733524,4.44
180.351,0.800000,7986960,5.00
186.239,0.825000,8234904,5.71
193.535,0.850000,8484665,6.67
201.983,0.875000,8732668,8.00
206.719,0.887500,8855920,8.89
212.095,0.900000,8981573,10.00
218.367,0.912500,9106407,11.43
226.047,0.925000,9231249,13.33
235.775,0.937500,9355056,16.00
242.047,0.943750,9417225,17.78
250.111,0.950000,9479211,20.00
261.247,0.956250,9541580,22.86
274.687,0.962500,9604597,26.67
285.695,0.968750,9666432,32.00
290.303,0.971875,9699036,35.56
293.887,0.975000,9729079,40.00
297.471,0.978125,9760469,45.71
301.055,0.981250,9791255,53.33
305.407,0.984375,9823716,64.00
307.711,0.985938,9838652,71.11
310.271,0.987500,9853396,80.00
313.343,0.989062,9868843,91.43
316.927,0.990625,9884570,106.67
321.279,0.992188,9900224,128.00
323.839,0.992969,9907868,142.22
326.911,0.993750,9915602,160.00
330.751,0.994531,9923746,182.86
335.359,0.995313,9931419,213.33
341.247,0.996094,9939202,256.00
344.831,0.996484,9942978,284.44
349.183,0.996875,9946870,320.00
354.047,0.997266,9950681,365.71
359.935,0.997656,9954607,426.67
367.103,0.998047,9958532,512.00
370.687,0.998242,9960389,568.89
375.039,0.998437,9962407,640.00
379.391,0.998633,9964290,731.43
384.255,0.998828,9966250,853.33
389.375,0.999023,9968161,1024.00
392.191,0.999121,9969147,1137.78
395.263,0.999219,9970149,1280.00
398.335,0.999316,9971123,1462.86
401.407,0.999414,9972087,1706.67
404.735,0.999512,9973054,2048.00
406.271,0.999561,9973533,2275.56
408.063,0.999609,9974013,2560.00
409.855,0.999658,9974516,2925.71
411.647,0.999707,9974998,3413.33
413.695,0.999756,9975482,4096.00
414.719,0.999780,9975747,4551.11
415.487,0.999805,9975968,5120.00
416.511,0.999829,9976214,5851.43
417.535,0.999854,9976484,6826.67
418.559,0.999878,9976719,8192.00
419.071,0.999890,9976856,9102.22
419.583,0.999902,9976967,10240.00
420.095,0.999915,9977080,11702.86
420.607,0.999927,9977200,13653.33
421.119,0.999939,9977323,16384.00
421.375,0.999945,9977392,18204.44
421.631,0.999951,9977450,20480.00
421.887,0.999957,9977504,23405.71
422.143,0.999963,9977568,27306.67
422.399,0.999969,9977640,32768.00
422.399,0.999973,9977640,36408.89
422.655,0.999976,9977695,40960.00
422.655,0.999979,9977695,46811.43
422.911,0.999982,9977760,54613.33
422.911,0.999985,9977760,65536.00
423.167,0.999986,9977809,72817.78
423.167,0.999988,9977809,81920.00
423.167,0.999989,9977809,93622.86
423.423,0.999991,9977861,109226.67
423.423,0.999992,9977861,131072.00
423.423,0.999993,9977861,145635.56
423.423,0.999994,9977861,163840.00
423.423,0.999995,9977861,187245.71
423.423,0.999995,9977861,218453.33
423.679,0.999996,9977905,262144.00
423.679,1.000000,9977905,inf
