Value,Percentile,TotalCount,1/(1-Percentile)
34.527,0.000000,1,1.00
57.727,0.100000,502272,1.11
62.303,0.200000,1001343,1.25
66.879,0.300000,1499285,1.43
70.783,0.400000,2004799,1.67
74.175,0.500000,2506168,2.00
75.839,0.550000,2754651,2.22
77.567,0.600000,3003668,2.50
79.423,0.650000,3254872,2.86
81.407,0.700000,3498930,3.33
83.711,0.750000,3750699,4.00
84.991,0.775000,3877360,4.44
86.335,0.800000,4000858,5.00
87.807,0.825000,4123419,5.71
89.535,0.850000,4247724,6.67
91.647,0.875000,4371970,8.00
92.991,0.887500,4435604,8.89
94.527,0.900000,4496638,10.00
96.447,0.912500,4558540,11.43
98.943,0.925000,4621127,13.33
102.399,0.937500,4683338,16.00
104.703,0.943750,4714631,17.78
107.583,0.950000,4745913,20.00
111.295,0.956250,4777324,22.86
116.159,0.962500,4808188,26.67
122.943,0.968750,4839343,32.00
127.359,0.971875,4854961,35.56
132.607,0.975000,4870564,40.00
139.391,0.978125,4886173,45.71
148.223,0.981250,4901861,53.33
159.487,0.984375,4917495,64.00
165.503,0.985938,4925174,71.11
172.031,0.987500,4933026,80.00
179.583,0.989062,4940852,91.43
188.287,0.990625,4948607,106.67
198.399,0.992188,4956420,128.00
204.159,0.992969,4960287,142.22
210.815,0.993750,4964228,160.00
217.983,0.994531,4968099,182.86
226.303,0.995313,4972041,213.33
236.031,0.996094,4975894,256.00
241.791,0.996484,4977855,284.44
248.063,0.996875,4979796,320.00
255.615,0.997266,4981765,365.71
263.935,0.997656,4983702,426.67
274.175,0.998047,4985663,512.00
280.319,0.998242,4986655,568.89
286.207,0.998437,4987604,640.00
292.863,0.998633,4988607,731.43
300.031,0.998828,4989560,853.33
308.479,0.999023,4990545,1024.00
312.831,0.999121,4991034,1137.78
317.695,0.999219,4991518,1280.00
322.303,0.999316,4991990,1462.86
327.679,0.999414,4992475,1706.67
333.823,0.999512,4992969,2048.00
336.639,0.999561,4993207,2275.56
339.967,0.999609,4993456,2560.00
343.807,0.999658,4993698,2925.71
347.391,0.999707,4993938,3413.33
350.719,0.999756,4994205,4096.00
352.511,0.999780,4994311,4551.11
354.559,0.999805,4994438,5120.00
356.863,0.999829,4994550,5851.43
358.655,0.999854,4994673,6826.67
360.703,0.999878,4994802,8192.00
361.727,0.999890,4994866,9102.22
362.751,0.999902,4994919,10240.00
364.287,0.999915,4994987,11702.86
365.311,0.999927,4995049,13653.33
366.335,0.999939,4995099,16384.00
367.103,0.999945,4995140,18204.44
367.615,0.999951,4995168,20480.00
368.127,0.999957,4995194,23405.71
368.895,0.999963,4995231,27306.67
369.407,0.999969,4995264,32768.00
369.407,0.999973,4995264,36408.89
369.919,0.999976,4995286,40960.00
370.175,0.999979,4995297,46811.43
370.687,0.999982,4995318,54613.33
370.943,0.999985,4995328,65536.00
371.199,0.999986,4995336,72817.78
371.455,0.999988,4995351,81920.00
371.455,0.999989,4995351,93622.86
371.711,0.999991,4995364,109226.67
371.711,0.999992,4995364,131072.00
371.967,0.999993,4995372,145635.56
371.967,0.999994,4995372,163840.00
372.223,0.999995,4995383,187245.71
372.223,0.999995,4995383,218453.33
372.223,0.999996,4995383,262144.00
372.479,0.999997,4995394,291271.11
372.479,0.999997,4995394,327680.00
372.479,0.999997,4995394,374491.43
372.479,0.999998,4995394,436906.67
372.479,0.999998,4995394,524288.00
372.479,0.999998,4995394,582542.22
372.479,0.999998,4995394,655360.00
372.735,0.999999,4995406,748982.86
372.735,1.000000,4995406,inf
