Value,Percentile,TotalCount,1/(1-Percentile)
47.551,0.000000,1,1.00
65.727,0.100000,996932,1.11
69.055,0.200000,1993873,1.25
71.935,0.300000,2983945,1.43
74.943,0.400000,3987135,1.67
78.207,0.500000,4969378,2.00
80.127,0.550000,5476646,2.22
82.239,0.600000,5963582,2.50
84.799,0.650000,6462992,2.86
87.871,0.700000,6962954,3.33
91.327,0.750000,7454569,4.00
93.247,0.775000,7706601,4.44
95.231,0.800000,7951477,5.00
97.407,0.825000,8199135,5.71
99.839,0.850000,8450492,6.67
102.527,0.875000,8694589,8.00
104.063,0.887500,8819565,8.89
105.727,0.900000,8943933,10.00
107.583,0.912500,9068602,11.43
109.695,0.925000,9193167,13.33
112.127,0.937500,9313948,16.00
113.663,0.943750,9377730,17.78
115.391,0.950000,9439204,20.00
117.503,0.956250,9500269,22.86
120.383,0.962500,9563266,26.67
124.607,0.968750,9624994,32.00
127.679,0.971875,9655635,35.56
131.967,0.975000,9686728,40.00
137.983,0.978125,9717608,45.71
146.943,0.981250,9748682,53.33
160.511,0.984375,9779623,64.00
172.671,0.985938,9795238,71.11
346.623,0.987500,9810656,80.00
1153.023,0.989062,9826438,91.43
1167.359,0.990625,9842761,106.67
1177.599,0.992188,9858247,128.00
1182.719,0.992969,9866224,142.22
1187.839,0.993750,9873916,160.00
1192.959,0.994531,9880916,182.86
1199.103,0.995313,9888629,213.33
1206.271,0.996094,9896868,256.00
1209.343,0.996484,9900345,284.44
1213.439,0.996875,9904916,320.00
1216.511,0.997266,9908347,365.71
1219.583,0.997656,9911755,426.67
1223.679,0.998047,9916298,512.00
1224.703,0.998242,9917396,568.89
1226.751,0.998437,9919505,640.00
1228.799,0.998633,9921771,731.43
1230.847,0.998828,9923915,853.33
1232.895,0.999023,9926036,1024.00
1233.919,0.999121,9927043,1137.78
1234.943,0.999219,9928063,1280.00
1234.943,0.999316,9928063,1462.86
1235.967,0.999414,9929034,1706.67
1236.991,0.999512,9930078,2048.00
1238.015,0.999561,9931097,2275.56
1238.015,0.999609,9931097,2560.00
1239.039,0.999658,9932033,2925.71
1239.039,0.999707,9932033,3413.33
1240.063,0.999756,9932985,4096.00
1240.063,0.999780,9932985,4551.11
1240.063,0.999805,9932985,5120.00
1241.087,0.999829,9933908,5851.43
1241.087,0.999854,9933908,6826.67
1241.087,0.999878,9933908,8192.00
1241.087,0.999890,9933908,9102.22
1241.087,0.999902,9933908,10240.00
1242.111,0.999915,9934819,11702.86
1242.111,0.999927,9934819,13653.33
1242.111,0.999939,9934819,16384.00
1242.111,0.999945,9934819,18204.44
1242.111,0.999951,9934819,20480.00
1242.111,0.999957,9934819,23405.71
1242.111,0.999963,9934819,27306.67
1242.111,0.999969,9934819,32768.00
1242.111,0.999973,9934819,36408.89
1242.111,0.999976,9934819,40960.00
1242.111,0.999979,9934819,46811.43
1242.111,0.999982,9934819,54613.33
1242.111,0.999985,9934819,65536.00
1242.111,0.999986,9934819,72817.78
1242.111,0.999988,9934819,81920.00
1242.111,0.999989,9934819,93622.86
1242.111,0.999991,9934819,109226.67
1242.111,0.999992,9934819,131072.00
1242.111,0.999993,9934819,145635.56
1242.111,0.999994,9934819,163840.00
1242.111,0.999995,9934819,187245.71
1242.111,0.999995,9934819,218453.33
1242.111,0.999996,9934819,262144.00
1242.111,0.999997,9934819,291271.11
1242.111,0.999997,9934819,327680.00
1242.111,0.999997,9934819,374491.43
1242.111,0.999998,9934819,436906.67
1243.135,0.999998,9935698,524288.00
1243.135,1.000000,9935698,inf
