Value,Percentile,TotalCount,1/(1-Percentile)
51.551,0.000000,1,1.00
67.839,0.100000,1002,1.11
69.823,0.200000,2002,1.25
71.167,0.300000,3016,1.43
72.447,0.400000,4036,1.67
73.599,0.500000,5004,2.00
74.239,0.550000,5513,2.22
74.943,0.600000,6035,2.50
75.711,0.650000,6533,2.86
76.543,0.700000,7006,3.33
77.631,0.750000,7524,4.00
78.207,0.775000,7764,4.44
78.975,0.800000,8011,5.00
79.999,0.825000,8253,5.71
81.279,0.850000,8505,6.67
83.967,0.875000,8754,8.00
86.591,0.887500,8878,8.89
92.031,0.900000,9000,10.00
109.567,0.912500,9125,11.43
117.503,0.925000,9251,13.33
124.927,0.937500,9375,16.00
128.127,0.943750,9438,17.78
130.751,0.950000,9500,20.00
134.143,0.956250,9565,22.86
137.343,0.962500,9628,26.67
141.311,0.968750,9691,32.00
142.975,0.971875,9721,35.56
144.511,0.975000,9752,40.00
146.559,0.978125,9782,45.71
150.527,0.981250,9813,53.33
154.623,0.984375,9844,64.00
156.671,0.985938,9860,71.11
159.103,0.987500,9875,80.00
162.047,0.989062,9891,91.43
165.631,0.990625,9907,106.67
168.575,0.992188,9922,128.00
170.495,0.992969,9930,142.22
173.439,0.993750,9939,160.00
176.511,0.994531,9946,182.86
178.943,0.995313,9954,213.33
180.735,0.996094,9961,256.00
181.759,0.996484,9965,284.44
187.135,0.996875,9969,320.00
191.743,0.997266,9973,365.71
193.023,0.997656,9977,426.67
195.071,0.998047,9981,512.00
196.095,0.998242,9983,568.89
198.783,0.998437,9985,640.00
203.391,0.998633,9987,731.43
211.839,0.998828,9989,853.33
218.495,0.999023,9991,1024.00
218.751,0.999121,9992,1137.78
220.671,0.999219,9993,1280.00
222.591,0.999316,9994,1462.86
223.487,0.999414,9995,1706.67
228.607,0.999512,9996,2048.00
228.607,0.999561,9996,2275.56
231.935,0.999609,9997,2560.00
231.935,0.999658,9997,2925.71
329.983,0.999707,9998,3413.33
329.983,0.999756,9998,4096.00
329.983,0.999780,9998,4551.11
579.583,0.999805,9999,5120.00
579.583,0.999829,9999,5851.43
579.583,0.999854,9999,6826.67
579.583,0.999878,9999,8192.00
579.583,0.999890,9999,9102.22
871.935,0.999902,10000,10240.00
871.935,1.000000,10000,inf
