Value,Percentile,TotalCount,1/(1-Percentile)
28.127,0.000000,1,1.00
217.599,0.100000,2501393,1.11
313.343,0.200000,5014278,1.25
343.039,0.300000,7521854,1.43
366.847,0.400000,10018888,1.67
390.143,0.500000,12497883,2.00
402.687,0.550000,13767284,2.22
415.743,0.600000,15012117,2.50
429.823,0.650000,16255014,2.86
445.439,0.700000,17505593,3.33
463.103,0.750000,18759584,4.00
472.831,0.775000,19379632,4.44
483.583,0.800000,20007777,5.00
495.359,0.825000,20631553,5.71
508.415,0.850000,21246244,6.67
523.775,0.875000,21876244,8.00
532.479,0.887500,22191073,8.89
542.207,0.900000,22508661,10.00
552.447,0.912500,22808537,11.43
564.735,0.925000,23125096,13.33
579.071,0.937500,23438675,16.00
587.263,0.943750,23594391,17.78
596.479,0.950000,23751422,20.00
606.719,0.956250,23906147,22.86
618.495,0.962500,24059288,26.67
632.831,0.968750,24216301,32.00
641.023,0.971875,24292871,35.56
650.751,0.975000,24372942,40.00
661.503,0.978125,24449587,45.71
674.303,0.981250,24527083,53.33
690.175,0.984375,24605569,64.00
699.391,0.985938,24643514,71.11
710.143,0.987500,24681902,80.00
723.455,0.989062,24722092,91.43
738.815,0.990625,24760223,106.67
758.783,0.992188,24799395,128.00
771.071,0.992969,24818910,142.22
785.919,0.993750,24838667,160.00
802.815,0.994531,24857806,182.86
823.807,0.995313,24877257,213.33
849.919,0.996094,24896813,256.00
865.791,0.996484,24906719,284.44
882.687,0.996875,24916176,320.00
902.655,0.997266,24926099,365.71
924.671,0.997656,24935760,426.67
949.759,0.998047,24945558,512.00
963.583,0.998242,24950341,568.89
978.943,0.998437,24955367,640.00
995.327,0.998633,24960222,731.43
1013.759,0.998828,24965056,853.33
1034.239,0.999023,24969956,1024.00
1044.991,0.999121,24972310,1137.78
1057.791,0.999219,24974887,1280.00
1070.079,0.999316,24977237,1462.86
1084.415,0.999414,24979761,1706.67
1098.751,0.999512,24982099,2048.00
1106.943,0.999561,24983297,2275.56
1116.159,0.999609,24984597,2560.00
1125.375,0.999658,24985789,2925.71
1135.615,0.999707,24987039,3413.33
1145.855,0.999756,24988182,4096.00
1151.999,0.999780,24988833,4551.11
1157.119,0.999805,24989393,5120.00
1164.287,0.999829,24990082,5851.43
1170.431,0.999854,24990658,6826.67
1177.599,0.999878,24991277,8192.00
1180.671,0.999890,24991535,9102.22
1184.767,0.999902,24991883,10240.00
1187.839,0.999915,24992140,11702.86
1192.959,0.999927,24992519,13653.33
1197.055,0.999939,24992815,16384.00
1199.103,0.999945,24992959,18204.44
1201.151,0.999951,24993125,20480.00
1203.199,0.999957,24993269,23405.71
1205.247,0.999963,24993412,27306.67
1207.295,0.999969,24993561,32768.00
1208.319,0.999973,24993616,36408.89
1209.343,0.999976,24993690,40960.00
1210.367,0.999979,24993763,46811.43
1211.391,0.999982,24993825,54613.33
1212.415,0.999985,24993905,65536.00
1213.439,0.999986,24993967,72817.78
1214.463,0.999988,24994043,81920.00
1214.463,0.999989,24994043,93622.86
1215.487,0.999991,24994107,109226.67
1215.487,0.999992,24994107,131072.00
1215.487,0.999993,24994107,145635.56
1216.511,0.999994,24994163,163840.00
1216.511,0.999995,24994163,187245.71
1216.511,0.999995,24994163,218453.33
1217.535,0.999996,24994236,262144.00
1217.535,0.999997,24994236,291271.11
1217.535,0.999997,24994236,327680.00
1217.535,0.999997,24994236,374491.43
1217.535,0.999998,24994236,436906.67
1217.535,0.999998,24994236,524288.00
1217.535,0.999998,24994236,582542.22
1217.535,0.999998,24994236,655360.00
1218.559,0.999999,24994304,748982.86
1218.559,1.000000,24994304,inf
