Value,Percentile,TotalCount,1/(1-Percentile)
37.695,0.000000,1,1.00
217.215,0.100000,2499887,1.11
313.343,0.200000,5015950,1.25
342.783,0.300000,7501755,1.43
366.847,0.400000,10023713,1.67
390.143,0.500000,12503426,2.00
402.431,0.550000,13748879,2.22
415.487,0.600000,14998233,2.50
429.823,0.650000,16265316,2.86
445.439,0.700000,17514300,3.33
462.847,0.750000,18751137,4.00
472.575,0.775000,19372445,4.44
483.327,0.800000,20002361,5.00
495.103,0.825000,20627583,5.71
508.415,0.850000,21254999,6.67
523.519,0.875000,21874168,8.00
532.479,0.887500,22198161,8.89
541.695,0.900000,22500475,10.00
552.447,0.912500,22815180,11.43
564.735,0.925000,23129951,13.33
578.559,0.937500,23433475,16.00
586.751,0.943750,23590495,17.78
595.967,0.950000,23748045,20.00
606.207,0.956250,23901963,22.86
618.495,0.962500,24061772,26.67
632.319,0.968750,24212444,32.00
641.023,0.971875,24293729,35.56
650.239,0.975000,24369757,40.00
660.991,0.978125,24446754,45.71
674.303,0.981250,24526851,53.33
689.663,0.984375,24602777,64.00
699.391,0.985938,24642962,71.11
710.143,0.987500,24681256,80.00
723.455,0.989062,24721062,91.43
739.327,0.990625,24759963,106.67
759.295,0.992188,24798725,128.00
771.071,0.992969,24817495,142.22
785.919,0.993750,24837563,160.00
802.815,0.994531,24856693,182.86
823.807,0.995313,24876309,213.33
849.919,0.996094,24895611,256.00
865.279,0.996484,24905319,284.44
882.687,0.996875,24915100,320.00
902.655,0.997266,24925076,365.71
924.671,0.997656,24934770,426.67
949.247,0.998047,24944370,512.00
963.583,0.998242,24949423,568.89
978.431,0.998437,24954190,640.00
994.815,0.998633,24959058,731.43
1012.223,0.998828,24963941,853.33
1031.679,0.999023,24968822,1024.00
1042.431,0.999121,24971257,1137.78
1054.719,0.999219,24973854,1280.00
1067.007,0.999316,24976163,1462.86
1081.343,0.999414,24978668,1706.67
1096.703,0.999512,24981116,2048.00
1104.895,0.999561,24982272,2275.56
1113.087,0.999609,24983439,2560.00
1122.303,0.999658,24984633,2925.71
1132.543,0.999707,24985918,3413.33
1143.807,0.999756,24987173,4096.00
1148.927,0.999780,24987711,4551.11
1155.071,0.999805,24988341,5120.00
1161.215,0.999829,24988963,5851.43
1167.359,0.999854,24989565,6826.67
1174.527,0.999878,24990188,8192.00
1177.599,0.999890,24990466,9102.22
1180.671,0.999902,24990740,10240.00
1184.767,0.999915,24991062,11702.86
1188.863,0.999927,24991356,13653.33
1192.959,0.999939,24991692,16384.00
1195.007,0.999945,24991839,18204.44
1197.055,0.999951,24991996,20480.00
1199.103,0.999957,24992166,23405.71
1201.151,0.999963,24992317,27306.67
1203.199,0.999969,24992454,32768.00
1204.223,0.999973,24992533,36408.89
1205.247,0.999976,24992606,40960.00
1206.271,0.999979,24992676,46811.43
1207.295,0.999982,24992748,54613.33
1208.319,0.999985,24992827,65536.00
1209.343,0.999986,24992906,72817.78
1209.343,0.999988,24992906,81920.00
1210.367,0.999989,24992972,93622.86
1210.367,0.999991,24992972,109226.67
1211.391,0.999992,24993046,131072.00
1211.391,0.999993,24993046,145635.56
1211.391,0.999994,24993046,163840.00
1211.391,0.999995,24993046,187245.71
1212.415,0.999995,24993115,218453.33
1212.415,0.999996,24993115,262144.00
1212.415,0.999997,24993115,291271.11
1212.415,0.999997,24993115,327680.00
1212.415,0.999997,24993115,374491.43
1213.439,0.999998,24993173,436906.67
1213.439,0.999998,24993173,524288.00
1213.439,0.999998,24993173,582542.22
1213.439,0.999998,24993173,655360.00
1213.439,0.999999,24993173,748982.86
1213.439,0.999999,24993173,873813.33
1213.439,0.999999,24993173,1048576.00
1213.439,0.999999,24993173,1165084.44
1213.439,0.999999,24993173,1310720.00
1213.439,0.999999,24993173,1497965.71
1213.439,0.999999,24993173,1747626.67
1213.439,1.000000,24993173,2097152.00
1213.439,1.000000,24993173,2330168.89
1213.439,1.000000,24993173,2621440.00
1213.439,1.000000,24993173,2995931.43
1213.439,1.000000,24993173,3495253.33
1213.439,1.000000,24993173,4194304.00
1213.439,1.000000,24993173,4660337.78
1213.439,1.000000,24993173,5242880.00
1213.439,1.000000,24993173,5991862.86
1213.439,1.000000,24993173,6990506.67
1213.439,1.000000,24993173,8388608.00
1213.439,1.000000,24993173,9320675.55
1213.439,1.000000,24993173,10485760.00
1213.439,1.000000,24993173,11983725.71
1214.463,1.000000,24993223,13981013.34
1214.463,1.000000,24993223,inf
