Value,Percentile,TotalCount,1/(1-Percentile)
46.815,0.000000,1,1.00
64.895,0.100000,995493,1.11
68.159,0.200000,1987838,1.25
70.847,0.300000,2975468,1.43
73.407,0.400000,3974197,1.67
75.967,0.500000,4957733,2.00
77.311,0.550000,5444324,2.22
78.783,0.600000,5943164,2.50
80.383,0.650000,6434334,2.86
82.239,0.700000,6935850,3.33
84.351,0.750000,7421372,4.00
85.631,0.775000,7675783,4.44
86.975,0.800000,7916613,5.00
88.575,0.825000,8170396,5.71
90.367,0.850000,8416526,6.67
92.479,0.875000,8660639,8.00
93.759,0.887500,8787424,8.89
95.167,0.900000,8909305,10.00
96.831,0.912500,9031115,11.43
98.879,0.925000,9153074,13.33
101.695,0.937500,9278383,16.00
103.487,0.943750,9338901,17.78
105.855,0.950000,9401860,20.00
108.863,0.956250,9462473,22.86
113.023,0.962500,9524741,26.67
118.719,0.968750,9586206,32.00
122.495,0.971875,9617201,35.56
127.167,0.975000,9647862,40.00
133.247,0.978125,9678918,45.71
140.543,0.981250,9710114,53.33
148.479,0.984375,9740837,64.00
152.575,0.985938,9755987,71.11
157.183,0.987500,9771703,80.00
162.303,0.989062,9786968,91.43
168.831,0.990625,9802438,106.67
179.967,0.992188,9817872,128.00
196.607,0.992969,9825574,142.22
1139.711,0.993750,9833440,160.00
1157.119,0.994531,9841376,182.86
1165.311,0.995313,9849216,213.33
1171.455,0.996094,9856500,256.00
1174.527,0.996484,9860440,284.44
1177.599,0.996875,9864604,320.00
1180.671,0.997266,9868884,365.71
1183.743,0.997656,9873176,426.67
1185.791,0.998047,9876074,512.00
1187.839,0.998242,9879055,568.89
1188.863,0.998437,9880515,640.00
1189.887,0.998633,9881983,731.43
1191.935,0.998828,9884967,853.33
1192.959,0.999023,9886512,1024.00
1192.959,0.999121,9886512,1137.78
1193.983,0.999219,9888007,1280.00
1195.007,0.999316,9889503,1462.86
1195.007,0.999414,9889503,1706.67
1196.031,0.999512,9890996,2048.00
1196.031,0.999561,9890996,2275.56
1197.055,0.999609,9892566,2560.00
1197.055,0.999658,9892566,2925.71
1197.055,0.999707,9892566,3413.33
1198.079,0.999756,9894078,4096.00
1198.079,0.999780,9894078,4551.11
1198.079,0.999805,9894078,5120.00
1198.079,0.999829,9894078,5851.43
1198.079,0.999854,9894078,6826.67
1198.079,0.999878,9894078,8192.00
1198.079,0.999890,9894078,9102.22
1199.103,0.999902,9895612,10240.00
1199.103,1.000000,9895612,inf
