Value,Percentile,TotalCount,1/(1-Percentile)
46.079,0.000000,1,1.00
63.199,0.100000,1002876,1.11
67.519,0.200000,1999444,1.25
72.447,0.300000,2996758,1.43
78.911,0.400000,4000867,1.67
96.255,0.500000,4994229,2.00
102.015,0.550000,5496075,2.22
105.279,0.600000,5997760,2.50
108.415,0.650000,6500176,2.86
112.127,0.700000,6995402,3.33
117.951,0.750000,7494528,4.00
121.983,0.775000,7741268,4.44
126.335,0.800000,7990479,5.00
130.623,0.825000,8239775,5.71
134.783,0.850000,8492788,6.67
138.879,0.875000,8745093,8.00
140.927,0.887500,8868251,8.89
143.103,0.900000,8994808,10.00
145.279,0.912500,9115629,11.43
147.711,0.925000,9242063,13.33
150.271,0.937500,9363383,16.00
151.807,0.943750,9429266,17.78
153.343,0.950000,9489551,20.00
155.135,0.956250,9552001,22.86
157.183,0.962500,9614496,26.67
159.615,0.968750,9676366,32.00
161.023,0.971875,9707682,35.56
162.559,0.975000,9737935,40.00
164.479,0.978125,9770975,45.71
166.527,0.981250,9801301,53.33
168.959,0.984375,9831750,64.00
170.495,0.985938,9848131,71.11
172.031,0.987500,9862752,80.00
173.951,0.989062,9878810,91.43
176.127,0.990625,9894680,106.67
178.559,0.992188,9909914,128.00
179.967,0.992969,9917753,142.22
181.503,0.993750,9925598,160.00
183.167,0.994531,9933385,182.86
184.959,0.995313,9940924,213.33
187.007,0.996094,9948545,256.00
188.159,0.996484,9952366,284.44
189.567,0.996875,9956570,320.00
190.975,0.997266,9960434,365.71
192.511,0.997656,9964270,426.67
194.303,0.998047,9968132,512.00
195.327,0.998242,9970094,568.89
196.351,0.998437,9971971,640.00
197.503,0.998633,9973909,731.43
198.783,0.998828,9975899,853.33
200.191,0.999023,9977782,1024.00
200.959,0.999121,9978790,1137.78
201.727,0.999219,9979713,1280.00
202.623,0.999316,9980689,1462.86
203.519,0.999414,9981628,1706.67
204.671,0.999512,9982678,2048.00
205.183,0.999561,9983157,2275.56
205.695,0.999609,9983600,2560.00
206.207,0.999658,9984042,2925.71
206.847,0.999707,9984537,3413.33
207.487,0.999756,9985028,4096.00
207.871,0.999780,9985301,4551.11
208.255,0.999805,9985541,5120.00
208.639,0.999829,9985804,5851.43
208.895,0.999854,9985980,6826.67
209.407,0.999878,9986290,8192.00
209.535,0.999890,9986377,9102.22
209.791,0.999902,9986496,10240.00
210.047,0.999915,9986641,11702.86
210.175,0.999927,9986708,13653.33
210.431,0.999939,9986867,16384.00
210.559,0.999945,9986944,18204.44
210.687,0.999951,9987004,20480.00
210.815,0.999957,9987073,23405.71
210.815,0.999963,9987073,27306.67
211.071,0.999969,9987191,32768.00
211.071,0.999973,9987191,36408.89
211.199,0.999976,9987277,40960.00
211.199,0.999979,9987277,46811.43
211.199,0.999982,9987277,54613.33
211.327,0.999985,9987336,65536.00
211.327,0.999986,9987336,72817.78
211.327,0.999988,9987336,81920.00
211.327,0.999989,9987336,93622.86
211.455,0.999991,9987408,109226.67
211.455,0.999992,9987408,131072.00
211.455,0.999993,9987408,145635.56
211.455,0.999994,9987408,163840.00
211.455,0.999995,9987408,187245.71
211.455,0.999995,9987408,218453.33
211.455,0.999996,9987408,262144.00
211.455,0.999997,9987408,291271.11
211.455,0.999997,9987408,327680.00
211.583,0.999997,9987478,374491.43
211.583,1.000000,9987478,inf
