Value,Percentile,TotalCount,1/(1-Percentile)
36.095,0.000000,1,1.00
59.295,0.100000,500158,1.11
69.759,0.200000,1002462,1.25
76.095,0.300000,1502724,1.43
81.663,0.400000,1999965,1.67
88.959,0.500000,2500210,2.00
93.695,0.550000,2752195,2.22
98.751,0.600000,3002911,2.50
103.871,0.650000,3250753,2.86
109.567,0.700000,3501865,3.33
116.351,0.750000,3750041,4.00
120.319,0.775000,3876471,4.44
124.671,0.800000,4001297,5.00
129.599,0.825000,4124999,5.71
135.551,0.850000,4250310,6.67
142.975,0.875000,4375317,8.00
147.711,0.887500,4438756,8.89
153.727,0.900000,4500615,10.00
162.431,0.912500,4562433,11.43
173.695,0.925000,4625335,13.33
184.575,0.937500,4687803,16.00
189.823,0.943750,4718709,17.78
195.327,0.950000,4750070,20.00
201.215,0.956250,4781622,22.86
207.743,0.962500,4812536,26.67
215.423,0.968750,4844060,32.00
219.647,0.971875,4859417,35.56
224.383,0.975000,4875191,40.00
229.503,0.978125,4890602,45.71
235.391,0.981250,4906158,53.33
242.687,0.984375,4921754,64.00
247.423,0.985938,4929743,71.11
253.055,0.987500,4937419,80.00
261.119,0.989062,4945205,91.43
273.151,0.990625,4953130,106.67
287.231,0.992188,4960820,128.00
294.655,0.992969,4964768,142.22
302.335,0.993750,4968676,160.00
310.783,0.994531,4972579,182.86
320.767,0.995313,4976492,213.33
333.567,0.996094,4980394,256.00
340.479,0.996484,4982325,284.44
347.391,0.996875,4984237,320.00
354.047,0.997266,4986257,365.71
360.703,0.997656,4988179,426.67
367.615,0.998047,4990109,512.00
371.455,0.998242,4991097,568.89
375.551,0.998437,4992069,640.00
379.903,0.998633,4993023,731.43
385.023,0.998828,4994024,853.33
390.655,0.999023,4995005,1024.00
393.983,0.999121,4995492,1137.78
397.311,0.999219,4995952,1280.00
401.151,0.999316,4996462,1462.86
404.991,0.999414,4996938,1706.67
408.831,0.999512,4997424,2048.00
410.879,0.999561,4997664,2275.56
413.183,0.999609,4997917,2560.00
415.231,0.999658,4998156,2925.71
417.535,0.999707,4998394,3413.33
419.839,0.999756,4998643,4096.00
421.119,0.999780,4998771,4551.11
422.655,0.999805,4998894,5120.00
423.935,0.999829,4999009,5851.43
425.471,0.999854,4999130,6826.67
427.007,0.999878,4999258,8192.00
427.775,0.999890,4999310,9102.22
428.543,0.999902,4999373,10240.00
429.567,0.999915,4999438,11702.86
430.335,0.999927,4999497,13653.33
431.359,0.999939,4999549,16384.00
432.127,0.999945,4999596,18204.44
432.383,0.999951,4999611,20480.00
433.151,0.999957,4999652,23405.71
433.663,0.999963,4999680,27306.67
434.175,0.999969,4999705,32768.00
434.431,0.999973,4999725,36408.89
434.687,0.999976,4999739,40960.00
434.943,0.999979,4999756,46811.43
435.199,0.999982,4999762,54613.33
435.711,0.999985,4999793,65536.00
435.711,0.999986,4999793,72817.78
435.711,0.999988,4999793,81920.00
435.967,0.999989,4999801,93622.86
436.223,0.999991,4999810,109226.67
436.479,0.999992,4999827,131072.00
436.479,0.999993,4999827,145635.56
436.479,0.999994,4999827,163840.00
436.479,0.999995,4999827,187245.71
436.735,0.999995,4999840,218453.33
436.735,0.999996,4999840,262144.00
436.735,0.999997,4999840,291271.11
436.735,0.999997,4999840,327680.00
436.735,0.999997,4999840,374491.43
436.991,0.999998,4999855,436906.67
436.991,1.000000,4999855,inf
