Value,Percentile,TotalCount,1/(1-Percentile)
41.119,0.000000,1,1.00
68.671,0.100000,998602,1.11
76.607,0.200000,2000599,1.25
82.111,0.300000,3006443,1.43
87.167,0.400000,4005908,1.67
92.991,0.500000,4998572,2.00
96.575,0.550000,5496296,2.22
100.863,0.600000,5993678,2.50
106.111,0.650000,6495360,2.86
112.575,0.700000,6990281,3.33
121.151,0.750000,7489536,4.00
126.719,0.775000,7739543,4.44
133.631,0.800000,7989749,5.00
142.847,0.825000,8238442,5.71
156.927,0.850000,8488945,6.67
188.671,0.875000,8737976,8.00
260.863,0.887500,8862518,8.89
846.847,0.900000,8987358,10.00
1069.055,0.912500,9112351,11.43
1174.527,0.925000,9237565,13.33
1231.871,0.937500,9363104,16.00
1378.303,0.943750,9424258,17.78
1828.863,0.950000,9486666,20.00
2033.663,0.956250,9549057,22.86
2146.303,0.962500,9613078,26.67
2211.839,0.968750,9675063,32.00
2273.279,0.971875,9705321,35.56
2639.871,0.975000,9736354,40.00
2934.783,0.978125,9767556,45.71
3178.495,0.981250,9798970,53.33
3221.503,0.984375,9830394,64.00
3258.367,0.985938,9845753,71.11
3342.335,0.987500,9861109,80.00
3825.663,0.989062,9876710,91.43
4128.767,0.990625,9892287,106.67
4292.607,0.992188,9907874,128.00
4370.431,0.992969,9916345,142.22
4419.583,0.993750,9923672,160.00
4780.031,0.994531,9931316,182.86
5132.287,0.995313,9939140,213.33
5337.087,0.996094,9946959,256.00
5410.815,0.996484,9950834,284.44
5451.775,0.996875,9955085,320.00
5484.543,0.997266,9958609,365.71
5672.959,0.997656,9962482,426.67
6172.671,0.998047,9966414,512.00
6254.591,0.998242,9968431,568.89
6381.567,0.998437,9970282,640.00
6479.871,0.998633,9972232,731.43
6516.735,0.998828,9974484,853.33
6541.311,0.999023,9976274,1024.00
6557.695,0.999121,9977208,1137.78
6582.271,0.999219,9978129,1280.00
6639.615,0.999316,9979061,1462.86
6942.719,0.999414,9980029,1706.67
7167.999,0.999512,9981019,2048.00
7245.823,0.999561,9981513,2275.56
7290.879,0.999609,9981988,2560.00
7348.223,0.999658,9982482,2925.71
7417.855,0.999707,9982958,3413.33
7467.007,0.999756,9983491,4096.00
7483.391,0.999780,9983688,4551.11
7512.063,0.999805,9983971,5120.00
7532.543,0.999829,9984187,5851.43
7548.927,0.999854,9984474,6826.67
7557.119,0.999878,9984663,8192.00
7565.311,0.999890,9984904,9102.22
7569.407,0.999902,9985044,10240.00
7569.407,0.999915,9985044,11702.86
7573.503,0.999927,9985166,13653.33
7577.599,0.999939,9985302,16384.00
7581.695,0.999945,9985448,18204.44
7581.695,0.999951,9985448,20480.00
7585.791,0.999957,9985565,23405.71
7585.791,0.999963,9985565,27306.67
7589.887,0.999969,9985702,32768.00
7589.887,0.999973,9985702,36408.89
7589.887,0.999976,9985702,40960.00
7589.887,0.999979,9985702,46811.43
7589.887,0.999982,9985702,54613.33
7593.983,0.999985,9985807,65536.00
7593.983,0.999986,9985807,72817.78
7593.983,0.999988,9985807,81920.00
7593.983,0.999989,9985807,93622.86
7593.983,0.999991,9985807,109226.67
7593.983,0.999992,9985807,131072.00
7598.079,0.999993,9985917,145635.56
7598.079,1.000000,9985917,inf
