Value,Percentile,TotalCount,1/(1-Percentile)
59.327,0.000000,1,1.00
100.287,0.100000,50209,1.11
106.879,0.200000,100667,1.25
112.063,0.300000,150595,1.43
116.863,0.400000,200629,1.67
121.663,0.500000,250857,2.00
124.159,0.550000,275764,2.22
126.783,0.600000,300770,2.50
129.599,0.650000,325987,2.86
132.735,0.700000,351433,3.33
136.191,0.750000,376034,4.00
138.111,0.775000,388211,4.44
140.287,0.800000,401040,5.00
142.719,0.825000,413529,5.71
145.535,0.850000,425917,6.67
148.735,0.875000,438167,8.00
150.783,0.887500,444752,8.89
152.831,0.900000,450727,10.00
155.391,0.912500,457025,11.43
158.335,0.925000,463319,13.33
161.791,0.937500,469520,16.00
163.839,0.943750,472672,17.78
166.143,0.950000,475813,20.00
168.703,0.956250,478901,22.86
171.775,0.962500,482039,26.67
175.359,0.968750,485191,32.00
177.279,0.971875,486692,35.56
179.583,0.975000,488252,40.00
182.143,0.978125,489829,45.71
184.959,0.981250,491403,53.33
188.287,0.984375,492944,64.00
190.207,0.985938,493728,71.11
192.383,0.987500,494505,80.00
194.815,0.989062,495290,91.43
197.631,0.990625,496060,106.67
200.959,0.992188,496850,128.00
202.751,0.992969,497252,142.22
204.927,0.993750,497629,160.00
207.615,0.994531,498020,182.86
210.943,0.995313,498406,213.33
214.527,0.996094,498795,256.00
216.959,0.996484,498990,284.44
219.903,0.996875,499182,320.00
223.231,0.997266,499377,365.71
227.583,0.997656,499573,426.67
232.447,0.998047,499771,512.00
235.775,0.998242,499865,568.89
239.231,0.998437,499966,640.00
243.839,0.998633,500061,731.43
250.495,0.998828,500159,853.33
257.663,0.999023,500257,1024.00
262.399,0.999121,500309,1137.78
270.079,0.999219,500354,1280.00
276.223,0.999316,500403,1462.86
285.439,0.999414,500452,1706.67
296.703,0.999512,500501,2048.00
303.615,0.999561,500525,2275.56
308.479,0.999609,500550,2560.00
313.087,0.999658,500575,2925.71
318.463,0.999707,500599,3413.33
325.375,0.999756,500623,4096.00
329.471,0.999780,500636,4551.11
334.847,0.999805,500649,5120.00
341.503,0.999829,500660,5851.43
348.671,0.999854,500672,6826.67
355.839,0.999878,500684,8192.00
358.911,0.999890,500690,9102.22
363.519,0.999902,500698,10240.00
365.311,0.999915,500703,11702.86
373.759,0.999927,500709,13653.33
382.975,0.999939,500715,16384.00
385.535,0.999945,500718,18204.44
394.751,0.999951,500721,20480.00
399.615,0.999957,500724,23405.71
415.487,0.999963,500727,27306.67
432.895,0.999969,500730,32768.00
439.807,0.999973,500732,36408.89
446.975,0.999976,500733,40960.00
448.767,0.999979,500735,46811.43
450.047,0.999982,500736,54613.33
455.167,0.999985,500738,65536.00
457.471,0.999986,500739,72817.78
457.471,0.999988,500739,81920.00
459.519,0.999989,500740,93622.86
463.359,0.999991,500741,109226.67
464.127,0.999992,500742,131072.00
464.127,0.999993,500742,145635.56
464.127,0.999994,500742,163840.00
469.247,0.999995,500743,187245.71
469.247,0.999995,500743,218453.33
470.271,0.999996,500744,262144.00
470.271,0.999997,500744,291271.11
470.271,0.999997,500744,327680.00
470.271,0.999997,500744,374491.43
470.271,0.999998,500744,436906.67
474.879,0.999998,500745,524288.00
474.879,1.000000,500745,inf
