Value,Percentile,TotalCount,1/(1-Percentile)
25.711,0.000000,1,1.00
92.991,0.100000,948715,1.11
105.279,0.200000,1893900,1.25
112.959,0.300000,2846407,1.43
119.359,0.400000,3787325,1.67
125.503,0.500000,4736293,2.00
128.639,0.550000,5215873,2.22
131.839,0.600000,5686439,2.50
135.295,0.650000,6169566,2.86
138.879,0.700000,6634078,3.33
142.975,0.750000,7111978,4.00
145.151,0.775000,7342286,4.44
147.583,0.800000,7580763,5.00
150.271,0.825000,7820288,5.71
153.215,0.850000,8053857,6.67
156.671,0.875000,8291987,8.00
158.591,0.887500,8408576,8.89
160.639,0.900000,8521690,10.00
163.071,0.912500,8641231,11.43
165.759,0.925000,8757466,13.33
168.959,0.937500,8875793,16.00
170.879,0.943750,8937377,17.78
172.927,0.950000,8996559,20.00
175.231,0.956250,9055160,22.86
177.919,0.962500,9114649,26.67
180.991,0.968750,9172912,32.00
182.783,0.971875,9202661,35.56
184.703,0.975000,9231689,40.00
186.879,0.978125,9261004,45.71
189.311,0.981250,9290057,53.33
192.255,0.984375,9319928,64.00
193.919,0.985938,9335253,71.11
195.711,0.987500,9349987,80.00
197.631,0.989062,9364305,91.43
199.807,0.990625,9379014,106.67
202.239,0.992188,9393494,128.00
203.647,0.992969,9400979,142.22
205.183,0.993750,9408476,160.00
206.847,0.994531,9416032,182.86
208.639,0.995313,9423388,213.33
210.559,0.996094,9430545,256.00
211.711,0.996484,9434449,284.44
212.863,0.996875,9438010,320.00
214.143,0.997266,9441797,365.71
215.551,0.997656,9445584,426.67
216.959,0.998047,9449150,512.00
217.727,0.998242,9450986,568.89
218.495,0.998437,9452688,640.00
219.391,0.998633,9454562,731.43
220.287,0.998828,9456435,853.33
221.183,0.999023,9458198,1024.00
221.695,0.999121,9459183,1137.78
222.207,0.999219,9460094,1280.00
222.719,0.999316,9460996,1462.86
223.359,0.999414,9462069,1706.67
223.871,0.999512,9462913,2048.00
224.127,0.999561,9463311,2275.56
224.511,0.999609,9463880,2560.00
224.767,0.999658,9464278,2925.71
225.023,0.999707,9464668,3413.33
225.407,0.999756,9465207,4096.00
225.535,0.999780,9465420,4551.11
225.663,0.999805,9465623,5120.00
225.919,0.999829,9465967,5851.43
226.047,0.999854,9466135,6826.67
226.175,0.999878,9466288,8192.00
226.303,0.999890,9466456,9102.22
226.431,0.999902,9466622,10240.00
226.559,0.999915,9466791,11702.86
226.559,0.999927,9466791,13653.33
226.687,0.999939,9466976,16384.00
226.687,0.999945,9466976,18204.44
226.687,0.999951,9466976,20480.00
226.815,0.999957,9467171,23405.71
226.815,0.999963,9467171,27306.67
226.815,0.999969,9467171,32768.00
226.943,0.999973,9467343,36408.89
226.943,0.999976,9467343,40960.00
226.943,0.999979,9467343,46811.43
226.943,0.999982,9467343,54613.33
226.943,0.999985,9467343,65536.00
226.943,0.999986,9467343,72817.78
226.943,0.999988,9467343,81920.00
226.943,0.999989,9467343,93622.86
227.071,0.999991,9467521,109226.67
227.071,1.000000,9467521,inf
