Value,Percentile,TotalCount,1/(1-Percentile)
44.159,0.000000,1,1.00
67.455,0.100000,1001972,1.11
72.831,0.200000,1997555,1.25
76.863,0.300000,2998891,1.43
80.447,0.400000,3986128,1.67
84.287,0.500000,4987019,2.00
86.399,0.550000,5484751,2.22
88.639,0.600000,5976081,2.50
91.071,0.650000,6480354,2.86
93.631,0.700000,6978112,3.33
96.383,0.750000,7469183,4.00
97.919,0.775000,7717749,4.44
99.583,0.800000,7965497,5.00
101.439,0.825000,8214374,5.71
103.615,0.850000,8469286,6.67
106.111,0.875000,8716286,8.00
107.583,0.887500,8840377,8.89
109.247,0.900000,8962770,10.00
111.231,0.912500,9087949,11.43
113.535,0.925000,9209558,13.33
116.543,0.937500,9335404,16.00
118.335,0.943750,9396092,17.78
120.511,0.950000,9458680,20.00
123.135,0.956250,9521709,22.86
126.271,0.962500,9582896,26.67
130.111,0.968750,9645144,32.00
132.351,0.971875,9676469,35.56
134.911,0.975000,9707976,40.00
137.727,0.978125,9738208,45.71
141.311,0.981250,9769321,53.33
146.303,0.984375,9800950,64.00
149.631,0.985938,9816088,71.11
154.495,0.987500,9831643,80.00
162.431,0.989062,9847045,91.43
189.439,0.990625,9862605,106.67
1162.239,0.992188,9878176,128.00
1180.671,0.992969,9886478,142.22
1189.887,0.993750,9894749,160.00
1196.031,0.994531,9902092,182.86
1202.175,0.995313,9910679,213.33
1206.271,0.996094,9917381,256.00
1208.319,0.996484,9920985,284.44
1211.391,0.996875,9926693,320.00
1213.439,0.997266,9930668,365.71
1214.463,0.997656,9932693,426.67
1216.511,0.998047,9936884,512.00
1217.535,0.998242,9938950,568.89
1218.559,0.998437,9941126,640.00
1219.583,0.998633,9943209,731.43
1220.607,0.998828,9945246,853.33
1221.631,0.999023,9947332,1024.00
1221.631,0.999121,9947332,1137.78
1222.655,0.999219,9949369,1280.00
1222.655,0.999316,9949369,1462.86
1223.679,0.999414,9951412,1706.67
1223.679,0.999512,9951412,2048.00
1224.703,0.999561,9953449,2275.56
1224.703,0.999609,9953449,2560.00
1224.703,0.999658,9953449,2925.71
1224.703,0.999707,9953449,3413.33
1225.727,0.999756,9955403,4096.00
1225.727,0.999780,9955403,4551.11
1225.727,0.999805,9955403,5120.00
1225.727,0.999829,9955403,5851.43
1225.727,0.999854,9955403,6826.67
1225.727,0.999878,9955403,8192.00
1225.727,0.999890,9955403,9102.22
1225.727,0.999902,9955403,10240.00
1225.727,0.999915,9955403,11702.86
1225.727,0.999927,9955403,13653.33
1225.727,0.999939,9955403,16384.00
1225.727,0.999945,9955403,18204.44
1226.751,0.999951,9957404,20480.00
1226.751,1.000000,9957404,inf
