Value,Percentile,TotalCount,1/(1-Percentile)
33.407,0.000000,1,1.00
61.663,0.100000,500084,1.11
67.391,0.200000,998496,1.25
72.447,0.300000,1499898,1.43
77.439,0.400000,1999514,1.67
82.559,0.500000,2497315,2.00
85.183,0.550000,2745536,2.22
87.871,0.600000,2993870,2.50
90.751,0.650000,3247450,2.86
93.823,0.700000,3494693,3.33
97.343,0.750000,3742457,4.00
99.391,0.775000,3868334,4.44
101.695,0.800000,3993628,5.00
104.319,0.825000,4116239,5.71
107.519,0.850000,4240218,6.67
111.679,0.875000,4365882,8.00
114.303,0.887500,4428226,8.89
117.439,0.900000,4490183,10.00
121.279,0.912500,4551781,11.43
126.079,0.925000,4614172,13.33
131.967,0.937500,4676376,16.00
135.423,0.943750,4707733,17.78
139.391,0.950000,4739513,20.00
143.871,0.956250,4770326,22.86
149.119,0.962500,4801636,26.67
155.263,0.968750,4832653,32.00
158.847,0.971875,4848180,35.56
162.815,0.975000,4863766,40.00
167.295,0.978125,4879028,45.71
172.543,0.981250,4894812,53.33
178.559,0.984375,4910372,64.00
182.015,0.985938,4918056,71.11
185.855,0.987500,4925746,80.00
190.207,0.989062,4933577,91.43
195.199,0.990625,4941388,106.67
200.703,0.992188,4949080,128.00
203.775,0.992969,4953007,142.22
207.231,0.993750,4957001,160.00
210.815,0.994531,4960842,182.86
214.911,0.995313,4964758,213.33
219.391,0.996094,4968647,256.00
221.823,0.996484,4970536,284.44
224.511,0.996875,4972485,320.00
227.455,0.997266,4974487,365.71
230.655,0.997656,4976425,426.67
233.983,0.998047,4978309,512.00
235.903,0.998242,4979282,568.89
237.951,0.998437,4980301,640.00
240.127,0.998633,4981275,731.43
242.559,0.998828,4982232,853.33
245.119,0.999023,4983187,1024.00
246.655,0.999121,4983694,1137.78
248.063,0.999219,4984166,1280.00
249.599,0.999316,4984645,1462.86
251.391,0.999414,4985126,1706.67
253.311,0.999512,4985647,2048.00
254.207,0.999561,4985884,2275.56
255.231,0.999609,4986116,2560.00
256.255,0.999658,4986353,2925.71
257.407,0.999707,4986615,3413.33
258.559,0.999756,4986834,4096.00
259.071,0.999780,4986956,4551.11
259.839,0.999805,4987095,5120.00
260.351,0.999829,4987196,5851.43
260.991,0.999854,4987339,6826.67
261.631,0.999878,4987465,8192.00
261.887,0.999890,4987518,9102.22
262.143,0.999902,4987564,10240.00
262.655,0.999915,4987640,11702.86
262.911,0.999927,4987690,13653.33
263.167,0.999939,4987746,16384.00
263.423,0.999945,4987799,18204.44
263.679,0.999951,4987848,20480.00
263.679,0.999957,4987848,23405.71
263.935,0.999963,4987893,27306.67
264.191,0.999969,4987940,32768.00
264.191,0.999973,4987940,36408.89
264.191,0.999976,4987940,40960.00
264.447,0.999979,4987985,46811.43
264.447,0.999982,4987985,54613.33
264.447,0.999985,4987985,65536.00
264.447,0.999986,4987985,72817.78
264.703,0.999988,4988029,81920.00
264.703,0.999989,4988029,93622.86
264.703,0.999991,4988029,109226.67
264.703,0.999992,4988029,131072.00
264.703,0.999993,4988029,145635.56
264.703,0.999994,4988029,163840.00
264.703,0.999995,4988029,187245.71
264.703,0.999995,4988029,218453.33
264.703,0.999996,4988029,262144.00
264.959,0.999997,4988068,291271.11
264.959,1.000000,4988068,inf
