Value,Percentile,TotalCount,1/(1-Percentile)
26.127,0.000000,1,1.00
69.567,0.100000,499549,1.11
104.191,0.200000,999503,1.25
114.303,0.300000,1501671,1.43
122.431,0.400000,1999497,1.67
130.879,0.500000,2498756,2.00
135.807,0.550000,2748525,2.22
141.567,0.600000,2998000,2.50
148.607,0.650000,3249215,2.86
157.183,0.700000,3497196,3.33
167.423,0.750000,3748133,4.00
172.927,0.775000,3871822,4.44
178.815,0.800000,3996740,5.00
185.087,0.825000,4122407,5.71
191.743,0.850000,4246419,6.67
199.167,0.875000,4371203,8.00
203.391,0.887500,4434815,8.89
207.871,0.900000,4497123,10.00
212.735,0.912500,4558208,11.43
218.367,0.925000,4621070,13.33
224.767,0.937500,4683455,16.00
228.351,0.943750,4714620,17.78
232.319,0.950000,4745955,20.00
236.671,0.956250,4776781,22.86
241.791,0.962500,4808274,26.67
247.679,0.968750,4839721,32.00
251.007,0.971875,4854939,35.56
254.847,0.975000,4870664,40.00
259.071,0.978125,4886190,45.71
264.191,0.981250,4902092,53.33
270.079,0.984375,4917375,64.00
273.663,0.985938,4925397,71.11
277.503,0.987500,4933011,80.00
281.855,0.989062,4940866,91.43
286.975,0.990625,4948480,106.67
293.119,0.992188,4956271,128.00
296.703,0.992969,4960308,142.22
300.543,0.993750,4964084,160.00
305.151,0.994531,4968104,182.86
310.271,0.995313,4971995,213.33
316.159,0.996094,4975852,256.00
319.487,0.996484,4977780,284.44
323.327,0.996875,4979778,320.00
327.423,0.997266,4981724,365.71
332.031,0.997656,4983589,426.67
337.663,0.998047,4985589,512.00
340.479,0.998242,4986541,568.89
343.551,0.998437,4987503,640.00
346.879,0.998633,4988439,731.43
350.719,0.998828,4989425,853.33
355.327,0.999023,4990427,1024.00
357.631,0.999121,4990890,1137.78
360.191,0.999219,4991371,1280.00
362.751,0.999316,4991871,1462.86
365.823,0.999414,4992378,1706.67
368.895,0.999512,4992869,2048.00
370.175,0.999561,4993086,2275.56
371.967,0.999609,4993340,2560.00
373.503,0.999658,4993576,2925.71
375.039,0.999707,4993813,3413.33
376.831,0.999756,4994070,4096.00
377.855,0.999780,4994194,4551.11
378.623,0.999805,4994294,5120.00
379.647,0.999829,4994425,5851.43
380.671,0.999854,4994551,6826.67
381.695,0.999878,4994682,8192.00
382.207,0.999890,4994748,9102.22
382.719,0.999902,4994796,10240.00
383.231,0.999915,4994848,11702.86
383.743,0.999927,4994904,13653.33
384.511,0.999939,4994987,16384.00
384.767,0.999945,4995022,18204.44
385.023,0.999951,4995054,20480.00
385.279,0.999957,4995087,23405.71
385.279,0.999963,4995087,27306.67
385.791,0.999969,4995146,32768.00
385.791,0.999973,4995146,36408.89
386.047,0.999976,4995179,40960.00
386.047,0.999979,4995179,46811.43
386.047,0.999982,4995179,54613.33
386.303,0.999985,4995203,65536.00
386.303,0.999986,4995203,72817.78
386.559,0.999988,4995239,81920.00
386.559,0.999989,4995239,93622.86
386.559,0.999991,4995239,109226.67
386.559,0.999992,4995239,131072.00
386.559,0.999993,4995239,145635.56
386.559,0.999994,4995239,163840.00
386.815,0.999995,4995261,187245.71
386.815,0.999995,4995261,218453.33
386.815,0.999996,4995261,262144.00
386.815,0.999997,4995261,291271.11
386.815,0.999997,4995261,327680.00
386.815,0.999997,4995261,374491.43
386.815,0.999998,4995261,436906.67
386.815,0.999998,4995261,524288.00
386.815,0.999998,4995261,582542.22
386.815,0.999998,4995261,655360.00
387.071,0.999999,4995287,748982.86
387.071,1.000000,4995287,inf
