Value,Percentile,TotalCount,1/(1-Percentile)
40.543,0.000000,1,1.00
66.495,0.100000,1005906,1.11
73.087,0.200000,2004772,1.25
78.911,0.300000,2998203,1.43
84.159,0.400000,4006311,1.67
89.919,0.500000,4997543,2.00
93.439,0.550000,5501127,2.22
97.599,0.600000,5998653,2.50
102.719,0.650000,6494921,2.86
109.183,0.700000,6991507,3.33
117.823,0.750000,7493460,4.00
123.391,0.775000,7742186,4.44
130.239,0.800000,7991084,5.00
139.263,0.825000,8240175,5.71
152.959,0.850000,8489480,6.67
186.239,0.875000,8739132,8.00
290.047,0.887500,8863877,8.89
916.991,0.900000,8988716,10.00
1111.039,0.912500,9114385,11.43
1191.935,0.925000,9240280,13.33
1451.007,0.937500,9363301,16.00
1845.247,0.943750,9425721,17.78
2032.639,0.950000,9488211,20.00
2142.207,0.956250,9551340,22.86
2201.599,0.962500,9614382,26.67
2418.687,0.968750,9675422,32.00
2854.911,0.971875,9706763,35.56
3033.087,0.975000,9738042,40.00
3192.831,0.978125,9769480,45.71
3246.079,0.981250,9800532,53.33
3352.575,0.984375,9831609,64.00
3772.415,0.985938,9847072,71.11
4067.327,0.987500,9862732,80.00
4247.551,0.989062,9878301,91.43
4362.239,0.990625,9894895,106.67
4411.391,0.992188,9910045,128.00
4481.023,0.992969,9917369,142.22
4915.199,0.993750,9925141,160.00
5156.863,0.994531,9932865,182.86
5357.567,0.995313,9940686,213.33
5435.391,0.996094,9948831,256.00
5451.775,0.996484,9952648,284.44
5472.255,0.996875,9956701,320.00
5505.023,0.997266,9960232,365.71
5664.767,0.997656,9964066,426.67
6062.079,0.998047,9967987,512.00
6180.863,0.998242,9969963,568.89
6234.111,0.998437,9971874,640.00
6299.647,0.998633,9973835,731.43
6422.527,0.998828,9975792,853.33
6479.871,0.999023,9977905,1024.00
6492.159,0.999121,9978870,1137.78
6500.351,0.999219,9979738,1280.00
6508.543,0.999316,9980673,1462.86
6520.831,0.999414,9982052,1706.67
6529.023,0.999512,9983005,2048.00
6533.119,0.999561,9983428,2275.56
6537.215,0.999609,9983849,2560.00
6541.311,0.999658,9984183,2925.71
6549.503,0.999707,9984847,3413.33
6553.599,0.999756,9985143,4096.00
6557.695,0.999780,9985419,4551.11
6561.791,0.999805,9985642,5120.00
6565.887,0.999829,9985853,5851.43
6569.983,0.999854,9986069,6826.67
6574.079,0.999878,9986249,8192.00
6578.175,0.999890,9986414,9102.22
6582.271,0.999902,9986586,10240.00
6586.367,0.999915,9986731,11702.86
6586.367,0.999927,9986731,13653.33
6590.463,0.999939,9986867,16384.00
6594.559,0.999945,9986995,18204.44
6594.559,0.999951,9986995,20480.00
6598.655,0.999957,9987114,23405.71
6598.655,0.999963,9987114,27306.67
6602.751,0.999969,9987257,32768.00
6602.751,0.999973,9987257,36408.89
6602.751,0.999976,9987257,40960.00
6602.751,0.999979,9987257,46811.43
6606.847,0.999982,9987365,54613.33
6606.847,0.999985,9987365,65536.00
6606.847,0.999986,9987365,72817.78
6606.847,0.999988,9987365,81920.00
6606.847,0.999989,9987365,93622.86
6610.943,0.999991,9987484,109226.67
6610.943,1.000000,9987484,inf
