Value,Percentile,TotalCount,1/(1-Percentile)
21.535,0.000000,1,1.00
54.143,0.100000,947634,1.11
92.223,0.200000,1895380,1.25
105.023,0.300000,2843710,1.43
115.455,0.400000,3790552,1.67
125.503,0.500000,4743548,2.00
130.687,0.550000,5217390,2.22
136.319,0.600000,5693081,2.50
142.591,0.650000,6167164,2.86
149.759,0.700000,6633687,3.33
158.591,0.750000,7113413,4.00
163.583,0.775000,7345026,4.44
169.343,0.800000,7584386,5.00
175.743,0.825000,7819446,5.71
183.167,0.850000,8057732,6.67
191.615,0.875000,8291960,8.00
196.479,0.887500,8411228,8.89
201.727,0.900000,8528808,10.00
207.615,0.912500,8648161,11.43
214.143,0.925000,8766012,13.33
221.695,0.937500,8885253,16.00
225.919,0.943750,8943559,17.78
230.655,0.950000,9003425,20.00
235.903,0.956250,9062502,22.86
241.919,0.962500,9121666,26.67
248.831,0.968750,9180367,32.00
252.799,0.971875,9209866,35.56
257.279,0.975000,9239654,40.00
262.399,0.978125,9269934,45.71
268.031,0.981250,9299536,53.33
274.431,0.984375,9328433,64.00
278.271,0.985938,9343609,71.11
282.367,0.987500,9358418,80.00
286.975,0.989062,9373131,91.43
292.095,0.990625,9387453,106.67
298.239,0.992188,9402309,128.00
301.823,0.992969,9409768,142.22
305.663,0.993750,9417221,160.00
310.015,0.994531,9424868,182.86
314.623,0.995313,9431971,213.33
320.255,0.996094,9439407,256.00
323.327,0.996484,9443082,284.44
326.655,0.996875,9446772,320.00
330.239,0.997266,9450388,365.71
334.335,0.997656,9454104,426.67
338.943,0.998047,9457819,512.00
341.503,0.998242,9459735,568.89
344.063,0.998437,9461514,640.00
346.879,0.998633,9463391,731.43
349.951,0.998828,9465290,853.33
353.279,0.999023,9467117,1024.00
354.815,0.999121,9467956,1137.78
356.607,0.999219,9468880,1280.00
358.399,0.999316,9469800,1462.86
360.447,0.999414,9470732,1706.67
362.751,0.999512,9471728,2048.00
363.519,0.999561,9472091,2275.56
364.799,0.999609,9472587,2560.00
366.079,0.999658,9473051,2925.71
367.359,0.999707,9473567,3413.33
368.639,0.999756,9474033,4096.00
369.151,0.999780,9474199,4551.11
369.919,0.999805,9474465,5120.00
370.431,0.999829,9474644,5851.43
371.199,0.999854,9474904,6826.67
371.967,0.999878,9475146,8192.00
372.223,0.999890,9475237,9102.22
372.735,0.999902,9475417,10240.00
372.991,0.999915,9475506,11702.86
373.247,0.999927,9475584,13653.33
373.759,0.999939,9475734,16384.00
374.015,0.999945,9475814,18204.44
374.015,0.999951,9475814,20480.00
374.271,0.999957,9475901,23405.71
374.527,0.999963,9475978,27306.67
374.527,0.999969,9475978,32768.00
374.783,0.999973,9476074,36408.89
374.783,0.999976,9476074,40960.00
374.783,0.999979,9476074,46811.43
375.039,0.999982,9476145,54613.33
375.039,0.999985,9476145,65536.00
375.039,0.999986,9476145,72817.78
375.039,0.999988,9476145,81920.00
375.295,0.999989,9476238,93622.86
375.295,0.999991,9476238,109226.67
375.295,0.999992,9476238,131072.00
375.295,0.999993,9476238,145635.56
375.295,0.999994,9476238,163840.00
375.295,0.999995,9476238,187245.71
375.295,0.999995,9476238,218453.33
375.295,0.999996,9476238,262144.00
375.295,0.999997,9476238,291271.11
375.295,0.999997,9476238,327680.00
375.295,0.999997,9476238,374491.43
375.295,0.999998,9476238,436906.67
375.295,0.999998,9476238,524288.00
375.551,0.999998,9476325,582542.22
375.551,1.000000,9476325,inf
