Value,Percentile,TotalCount,1/(1-Percentile)
34.719,0.000000,1,1.00
64.351,0.100000,50273,1.11
72.383,0.200000,100575,1.25
79.231,0.300000,150461,1.43
85.695,0.400000,200588,1.67
92.735,0.500000,251028,2.00
96.575,0.550000,276137,2.22
100.671,0.600000,301179,2.50
105.023,0.650000,326169,2.86
109.887,0.700000,350984,3.33
115.583,0.750000,376161,4.00
118.847,0.775000,388592,4.44
122.623,0.800000,401177,5.00
127.103,0.825000,413663,5.71
132.607,0.850000,426184,6.67
139.647,0.875000,438921,8.00
143.743,0.887500,445031,8.89
148.607,0.900000,451385,10.00
154.111,0.912500,457613,11.43
160.511,0.925000,463838,13.33
168.191,0.937500,470077,16.00
172.543,0.943750,473199,17.78
177.535,0.950000,476389,20.00
182.911,0.956250,479481,22.86
189.311,0.962500,482598,26.67
196.863,0.968750,485749,32.00
201.087,0.971875,487310,35.56
205.823,0.975000,488900,40.00
211.199,0.978125,490439,45.71
217.215,0.981250,491998,53.33
224.255,0.984375,493553,64.00
228.479,0.985938,494357,71.11
233.087,0.987500,495137,80.00
238.207,0.989062,495915,91.43
244.223,0.990625,496695,106.67
251.391,0.992188,497471,128.00
255.615,0.992969,497869,142.22
260.351,0.993750,498258,160.00
266.239,0.994531,498655,182.86
272.639,0.995313,499048,213.33
280.831,0.996094,499430,256.00
285.695,0.996484,499633,284.44
291.839,0.996875,499827,320.00
297.983,0.997266,500019,365.71
305.919,0.997656,500216,426.67
315.135,0.998047,500408,512.00
322.303,0.998242,500508,568.89
330.495,0.998437,500605,640.00
341.759,0.998633,500703,731.43
354.559,0.998828,500801,853.33
378.111,0.999023,500898,1024.00
389.375,0.999121,500948,1137.78
401.663,0.999219,500996,1280.00
418.303,0.999316,501046,1462.86
435.199,0.999414,501094,1706.67
453.631,0.999512,501143,2048.00
461.055,0.999561,501167,2275.56
474.623,0.999609,501192,2560.00
493.311,0.999658,501216,2925.71
502.783,0.999707,501241,3413.33
520.447,0.999756,501265,4096.00
534.015,0.999780,501278,4551.11
545.791,0.999805,501290,5120.00
557.055,0.999829,501303,5851.43
568.831,0.999854,501314,6826.67
582.143,0.999878,501327,8192.00
585.727,0.999890,501332,9102.22
592.895,0.999902,501339,10240.00
606.207,0.999915,501346,11702.86
609.791,0.999927,501351,13653.33
617.983,0.999939,501357,16384.00
623.615,0.999945,501360,18204.44
628.223,0.999951,501363,20480.00
629.759,0.999957,501366,23405.71
631.295,0.999963,501369,27306.67
632.319,0.999969,501372,32768.00
634.367,0.999973,501374,36408.89
635.903,0.999976,501375,40960.00
644.095,0.999979,501377,46811.43
645.119,0.999982,501378,54613.33
649.215,0.999985,501380,65536.00
651.263,0.999986,501381,72817.78
651.263,0.999988,501381,81920.00
652.287,0.999989,501382,93622.86
655.359,0.999991,501383,109226.67
655.871,0.999992,501384,131072.00
655.871,0.999993,501384,145635.56
655.871,0.999994,501384,163840.00
659.455,0.999995,501385,187245.71
659.455,0.999995,501385,218453.33
662.527,0.999996,501386,262144.00
662.527,0.999997,501386,291271.11
662.527,0.999997,501386,327680.00
662.527,0.999997,501386,374491.43
662.527,0.999998,501386,436906.67
663.551,0.999998,501388,524288.00
663.551,1.000000,501388,inf
