Value,Percentile,TotalCount,1/(1-Percentile)
44.895,0.000000,1,1.00
64.415,0.100000,10032,1.11
69.951,0.200000,20120,1.25
73.919,0.300000,30128,1.43
77.311,0.400000,40064,1.67
80.511,0.500000,50131,2.00
82.111,0.550000,55025,2.22
83.903,0.600000,59959,2.50
86.015,0.650000,65071,2.86
88.511,0.700000,70060,3.33
91.455,0.750000,74959,4.00
93.183,0.775000,77513,4.44
95.039,0.800000,79946,5.00
97.151,0.825000,82472,5.71
99.583,0.850000,84960,6.67
102.335,0.875000,87443,8.00
103.935,0.887500,88719,8.89
105.663,0.900000,89962,10.00
107.647,0.912500,91204,11.43
109.887,0.925000,92444,13.33
112.511,0.937500,93695,16.00
114.175,0.943750,94329,17.78
115.775,0.950000,94950,20.00
117.631,0.956250,95561,22.86
120.063,0.962500,96196,26.67
122.687,0.968750,96811,32.00
124.223,0.971875,97122,35.56
125.887,0.975000,97432,40.00
127.935,0.978125,97754,45.71
130.303,0.981250,98056,53.33
133.247,0.984375,98376,64.00
135.039,0.985938,98533,71.11
137.343,0.987500,98684,80.00
139.775,0.989062,98841,91.43
142.719,0.990625,98994,106.67
146.815,0.992188,99148,128.00
148.863,0.992969,99226,142.22
151.423,0.993750,99306,160.00
154.495,0.994531,99384,182.86
157.695,0.995313,99463,213.33
162.175,0.996094,99540,256.00
164.479,0.996484,99577,284.44
166.783,0.996875,99616,320.00
169.727,0.997266,99655,365.71
174.847,0.997656,99695,426.67
180.223,0.998047,99733,512.00
183.039,0.998242,99754,568.89
188.031,0.998437,99772,640.00
192.255,0.998633,99792,731.43
197.503,0.998828,99811,853.33
205.055,0.999023,99832,1024.00
208.255,0.999121,99841,1137.78
212.223,0.999219,99850,1280.00
215.807,0.999316,99861,1462.86
220.031,0.999414,99870,1706.67
225.279,0.999512,99880,2048.00
226.943,0.999561,99885,2275.56
232.703,0.999609,99889,2560.00
235.903,0.999658,99894,2925.71
239.487,0.999707,99899,3413.33
242.303,0.999756,99904,4096.00
243.199,0.999780,99907,4551.11
244.095,0.999805,99909,5120.00
247.935,0.999829,99911,5851.43
249.343,0.999854,99914,6826.67
253.055,0.999878,99916,8192.00
253.695,0.999890,99918,9102.22
254.207,0.999902,99919,10240.00
256.383,0.999915,99920,11702.86
257.023,0.999927,99921,13653.33
260.863,0.999939,99922,16384.00
262.399,0.999945,99924,18204.44
262.399,0.999951,99924,20480.00
262.399,0.999957,99924,23405.71
264.959,0.999963,99926,27306.67
264.959,0.999969,99926,32768.00
264.959,0.999973,99926,36408.89
264.959,0.999976,99926,40960.00
264.959,0.999979,99926,46811.43
265.215,0.999982,99927,54613.33
265.215,0.999985,99927,65536.00
265.215,0.999986,99927,72817.78
265.215,0.999988,99927,81920.00
265.215,0.999989,99927,93622.86
267.775,0.999991,99928,109226.67
267.775,1.000000,99928,inf
