Value,Percentile,TotalCount,1/(1-Percentile)
23.919,0.000000,1,1.00
82.943,0.100000,499792,1.11
161.023,0.200000,1001823,1.25
179.967,0.300000,1502413,1.43
194.175,0.400000,2000401,1.67
207.103,0.500000,2503569,2.00
213.375,0.550000,2750246,2.22
219.903,0.600000,3001512,2.50
226.687,0.650000,3250843,2.86
233.983,0.700000,3500307,3.33
242.047,0.750000,3749043,4.00
246.527,0.775000,3873404,4.44
251.519,0.800000,4000024,5.00
256.895,0.825000,4122866,5.71
263.167,0.850000,4249540,6.67
270.335,0.875000,4373074,8.00
274.687,0.887500,4438166,8.89
279.295,0.900000,4499799,10.00
284.415,0.912500,4560928,11.43
290.559,0.925000,4623824,13.33
297.727,0.937500,4685144,16.00
302.079,0.943750,4717218,17.78
306.943,0.950000,4748843,20.00
312.319,0.956250,4779577,22.86
318.719,0.962500,4810866,26.67
326.143,0.968750,4841465,32.00
330.495,0.971875,4856710,35.56
335.615,0.975000,4872961,40.00
341.247,0.978125,4888419,45.71
347.647,0.981250,4903554,53.33
355.583,0.984375,4919191,64.00
360.191,0.985938,4927022,71.11
365.311,0.987500,4934763,80.00
371.199,0.989062,4942539,91.43
378.111,0.990625,4950498,106.67
386.559,0.992188,4958343,128.00
391.423,0.992969,4962160,142.22
396.799,0.993750,4966003,160.00
402.943,0.994531,4969883,182.86
410.367,0.995313,4973806,213.33
419.071,0.996094,4977663,256.00
424.191,0.996484,4979620,284.44
430.079,0.996875,4981570,320.00
436.991,0.997266,4983564,365.71
445.183,0.997656,4985491,426.67
454.911,0.998047,4987428,512.00
460.799,0.998242,4988415,568.89
466.943,0.998437,4989374,640.00
474.367,0.998633,4990369,731.43
483.327,0.998828,4991343,853.33
493.311,0.999023,4992301,1024.00
499.711,0.999121,4992805,1137.78
506.623,0.999219,4993286,1280.00
515.071,0.999316,4993777,1462.86
524.799,0.999414,4994255,1706.67
536.063,0.999512,4994743,2048.00
542.719,0.999561,4994988,2275.56
550.911,0.999609,4995237,2560.00
557.567,0.999658,4995482,2925.71
565.759,0.999707,4995728,3413.33
575.487,0.999756,4995964,4096.00
580.607,0.999780,4996085,4551.11
586.239,0.999805,4996209,5120.00
592.895,0.999829,4996332,5851.43
599.551,0.999854,4996454,6826.67
607.231,0.999878,4996574,8192.00
610.815,0.999890,4996634,9102.22
614.911,0.999902,4996701,10240.00
617.983,0.999915,4996761,11702.86
621.567,0.999927,4996816,13653.33
626.175,0.999939,4996884,16384.00
628.223,0.999945,4996908,18204.44
630.783,0.999951,4996942,20480.00
632.831,0.999957,4996972,23405.71
635.391,0.999963,4997004,27306.67
637.951,0.999969,4997034,32768.00
639.487,0.999973,4997050,36408.89
641.023,0.999976,4997064,40960.00
642.559,0.999979,4997076,46811.43
644.095,0.999982,4997095,54613.33
645.119,0.999985,4997105,65536.00
645.631,0.999986,4997116,72817.78
646.143,0.999988,4997120,81920.00
646.655,0.999989,4997128,93622.86
647.679,0.999991,4997138,109226.67
648.703,0.999992,4997147,131072.00
648.703,0.999993,4997147,145635.56
649.727,0.999994,4997154,163840.00
650.239,0.999995,4997162,187245.71
650.239,0.999995,4997162,218453.33
650.239,0.999996,4997162,262144.00
650.751,0.999997,4997170,291271.11
650.751,0.999997,4997170,327680.00
650.751,0.999997,4997170,374491.43
650.751,0.999998,4997170,436906.67
651.263,0.999998,4997173,524288.00
651.263,0.999998,4997173,582542.22
651.775,0.999998,4997176,655360.00
651.775,0.999999,4997176,748982.86
651.775,0.999999,4997176,873813.33
652.287,0.999999,4997184,1048576.00
652.287,1.000000,4997184,inf
