Value,Percentile,TotalCount,1/(1-Percentile)
44.415,0.000000,1,1.00
102.271,0.100000,500406,1.11
114.047,0.200000,1000085,1.25
123.327,0.300000,1500974,1.43
132.095,0.400000,1999531,1.67
141.183,0.500000,2500716,2.00
145.919,0.550000,2750303,2.22
150.783,0.600000,2997662,2.50
155.903,0.650000,3248632,2.86
161.407,0.700000,3502053,3.33
167.167,0.750000,3746281,4.00
170.495,0.775000,3874973,4.44
173.951,0.800000,3998873,5.00
177.791,0.825000,4122701,5.71
182.143,0.850000,4247268,6.67
187.263,0.875000,4371371,8.00
190.335,0.887500,4435286,8.89
193.663,0.900000,4495933,10.00
197.631,0.912500,4558243,11.43
202.495,0.925000,4620917,13.33
208.639,0.937500,4683509,16.00
212.351,0.943750,4714328,17.78
216.831,0.950000,4745370,20.00
222.335,0.956250,4776902,22.86
229.247,0.962500,4807981,26.67
237.951,0.968750,4839066,32.00
243.199,0.971875,4854593,35.56
249.215,0.975000,4870272,40.00
255.999,0.978125,4885759,45.71
263.679,0.981250,4901436,53.33
272.639,0.984375,4916915,64.00
277.759,0.985938,4924664,71.11
283.391,0.987500,4932623,80.00
289.535,0.989062,4940314,91.43
296.959,0.990625,4948275,106.67
304.895,0.992188,4955916,128.00
309.759,0.992969,4959879,142.22
314.879,0.993750,4963667,160.00
320.767,0.994531,4967637,182.86
327.679,0.995313,4971533,213.33
335.871,0.996094,4975434,256.00
340.479,0.996484,4977304,284.44
345.855,0.996875,4979261,320.00
351.999,0.997266,4981240,365.71
359.167,0.997656,4983167,426.67
367.871,0.998047,4985137,512.00
372.991,0.998242,4986078,568.89
378.879,0.998437,4987070,640.00
386.047,0.998633,4988052,731.43
394.495,0.998828,4988993,853.33
404.479,0.999023,4989978,1024.00
410.879,0.999121,4990475,1137.78
417.791,0.999219,4990953,1280.00
426.239,0.999316,4991447,1462.86
434.687,0.999414,4991917,1706.67
445.695,0.999512,4992410,2048.00
451.327,0.999561,4992650,2275.56
458.239,0.999609,4992898,2560.00
465.407,0.999658,4993137,2925.71
472.575,0.999707,4993383,3413.33
480.511,0.999756,4993625,4096.00
485.119,0.999780,4993747,4551.11
490.495,0.999805,4993869,5120.00
496.127,0.999829,4993998,5851.43
500.991,0.999854,4994114,6826.67
506.111,0.999878,4994240,8192.00
509.183,0.999890,4994296,9102.22
512.767,0.999902,4994362,10240.00
516.095,0.999915,4994422,11702.86
518.911,0.999927,4994478,13653.33
521.983,0.999939,4994541,16384.00
523.775,0.999945,4994573,18204.44
525.311,0.999951,4994600,20480.00
527.871,0.999957,4994637,23405.71
528.895,0.999963,4994662,27306.67
530.943,0.999969,4994700,32768.00
531.967,0.999973,4994711,36408.89
532.479,0.999976,4994725,40960.00
533.503,0.999979,4994744,46811.43
534.015,0.999982,4994758,54613.33
535.039,0.999985,4994771,65536.00
535.551,0.999986,4994777,72817.78
536.063,0.999988,4994785,81920.00
536.575,0.999989,4994796,93622.86
537.087,0.999991,4994805,109226.67
537.087,0.999992,4994805,131072.00
537.599,0.999993,4994812,145635.56
538.111,0.999994,4994826,163840.00
538.111,0.999995,4994826,187245.71
538.111,0.999995,4994826,218453.33
538.111,0.999996,4994826,262144.00
538.111,0.999997,4994826,291271.11
538.623,0.999997,4994836,327680.00
538.623,0.999997,4994836,374491.43
538.623,0.999998,4994836,436906.67
538.623,0.999998,4994836,524288.00
538.623,0.999998,4994836,582542.22
538.623,0.999998,4994836,655360.00
539.135,0.999999,4994847,748982.86
539.135,1.000000,4994847,inf
