Value,Percentile,TotalCount,1/(1-Percentile)
51.135,0.000000,2,1.00
63.455,0.100000,1003949,1.11
65.343,0.200000,2013589,1.25
66.751,0.300000,3014647,1.43
68.159,0.400000,4041371,1.67
69.695,0.500000,5018978,2.00
70.655,0.550000,5524145,2.22
71.743,0.600000,6003703,2.50
73.151,0.650000,6511720,2.86
74.815,0.700000,7005958,3.33
76.863,0.750000,7513159,4.00
78.015,0.775000,7761464,4.44
79.295,0.800000,8009722,5.00
80.703,0.825000,8252036,5.71
82.367,0.850000,8502810,6.67
84.351,0.875000,8757601,8.00
85.439,0.887500,8878984,8.89
86.655,0.900000,9001433,10.00
88.063,0.912500,9127675,11.43
89.663,0.925000,9253139,13.33
91.519,0.937500,9377096,16.00
92.607,0.943750,9439769,17.78
93.823,0.950000,9502308,20.00
95.167,0.956250,9562991,22.86
96.831,0.962500,9627025,26.67
98.751,0.968750,9688049,32.00
99.903,0.971875,9719161,35.56
101.247,0.975000,9750671,40.00
102.847,0.978125,9782292,45.71
104.767,0.981250,9813312,53.33
107.199,0.984375,9843834,64.00
108.799,0.985938,9859379,71.11
110.783,0.987500,9875053,80.00
113.471,0.989062,9890915,91.43
117.311,0.990625,9906433,106.67
124.863,0.992188,9921930,128.00
135.423,0.992969,9929705,142.22
155.391,0.993750,9937536,160.00
162.687,0.994531,9945459,182.86
167.679,0.995313,9953232,213.33
172.415,0.996094,9961179,256.00
174.591,0.996484,9964892,284.44
177.023,0.996875,9968796,320.00
179.583,0.997266,9972699,365.71
182.399,0.997656,9976633,426.67
185.471,0.998047,9980475,512.00
187.263,0.998242,9982526,568.89
189.055,0.998437,9984383,640.00
191.231,0.998633,9986388,731.43
193.663,0.998828,9988307,853.33
196.607,0.999023,9990290,1024.00
198.271,0.999121,9991261,1137.78
200.063,0.999219,9992230,1280.00
202.239,0.999316,9993213,1462.86
204.671,0.999414,9994142,1706.67
207.743,0.999512,9995130,2048.00
209.535,0.999561,9995613,2275.56
211.839,0.999609,9996115,2560.00
214.527,0.999658,9996605,2925.71
217.599,0.999707,9997079,3413.33
221.567,0.999756,9997561,4096.00
224.383,0.999780,9997804,4551.11
227.583,0.999805,9998048,5120.00
231.807,0.999829,9998295,5851.43
236.799,0.999854,9998536,6826.67
244.479,0.999878,9998786,8192.00
248.191,0.999890,9998904,9102.22
254.207,0.999902,9999025,10240.00
261.375,0.999915,9999147,11702.86
272.895,0.999927,9999269,13653.33
293.887,0.999939,9999391,16384.00
302.847,0.999945,9999452,18204.44
311.295,0.999951,9999512,20480.00
317.439,0.999957,9999573,23405.71
325.631,0.999963,9999636,27306.67
336.127,0.999969,9999695,32768.00
344.575,0.999973,9999727,36408.89
361.215,0.999976,9999756,40960.00
399.615,0.999979,9999787,46811.43
519.423,0.999982,9999817,54613.33
740.863,0.999985,9999848,65536.00
842.751,0.999986,9999863,72817.78
915.455,0.999988,9999878,81920.00
1072.127,0.999989,9999894,93622.86
1286.143,0.999991,9999909,109226.67
1500.159,0.999992,9999924,131072.00
1618.943,0.999993,9999932,145635.56
1709.055,0.999994,9999939,163840.00
1823.743,0.999995,9999947,187245.71
1983.487,0.999995,9999955,218453.33
2256.895,0.999996,9999962,262144.00
2342.911,0.999997,9999966,291271.11
2584.575,0.999997,9999970,327680.00
3149.823,0.999997,9999974,374491.43
3174.399,0.999998,9999978,436906.67
3180.543,0.999998,9999981,524288.00
3190.783,0.999998,9999984,582542.22
3194.879,0.999998,9999985,655360.00
3196.927,0.999999,9999987,748982.86
3198.975,0.999999,9999989,873813.33
3221.503,0.999999,9999991,1048576.00
3225.599,0.999999,9999992,1165084.44
3237.887,0.999999,9999994,1310720.00
3237.887,0.999999,9999994,1497965.71
3270.655,0.999999,9999995,1747626.67
3622.911,1.000000,9999996,2097152.00
3622.911,1.000000,9999996,2330168.89
3774.463,1.000000,9999997,2621440.00
3774.463,1.000000,9999997,2995931.43
4104.191,1.000000,9999998,3495253.33
4104.191,1.000000,9999998,4194304.00
4104.191,1.000000,9999998,4660337.78
4239.359,1.000000,9999999,5242880.00
4239.359,1.000000,9999999,5991862.86
4239.359,1.000000,9999999,6990506.67
4239.359,1.000000,9999999,8388608.00
4239.359,1.000000,9999999,9320675.55
4366.335,1.000000,10000000,10485760.00
4366.335,1.000000,10000000,inf
