Value,Percentile,TotalCount,1/(1-Percentile)
27.455,0.000000,1,1.00
120.383,0.100000,2501160,1.11
132.735,0.200000,5019979,1.25
141.823,0.300000,7500207,1.43
150.399,0.400000,9994760,1.67
159.999,0.500000,12487467,2.00
165.887,0.550000,13735992,2.22
173.183,0.600000,14994778,2.50
182.271,0.650000,16226462,2.86
193.919,0.700000,17478920,3.33
207.615,0.750000,18731271,4.00
214.911,0.775000,19354786,4.44
222.335,0.800000,19970495,5.00
230.271,0.825000,20603620,5.71
238.463,0.850000,21220627,6.67
247.551,0.875000,21847897,8.00
252.415,0.887500,22154773,8.89
257.791,0.900000,22466521,10.00
263.935,0.912500,22788522,11.43
270.591,0.925000,23096836,13.33
278.527,0.937500,23409025,16.00
283.135,0.943750,23565813,17.78
288.255,0.950000,23720661,20.00
294.143,0.956250,23875942,22.86
301.055,0.962500,24031454,26.67
309.247,0.968750,24184716,32.00
314.111,0.971875,24261179,35.56
319.743,0.975000,24339116,40.00
326.399,0.978125,24418252,45.71
334.335,0.981250,24496783,53.33
344.063,0.984375,24574043,64.00
349.951,0.985938,24613143,71.11
356.607,0.987500,24651063,80.00
364.543,0.989062,24689930,91.43
374.015,0.990625,24729049,106.67
385.535,0.992188,24767850,128.00
392.447,0.992969,24787329,142.22
400.383,0.993750,24806596,160.00
409.855,0.994531,24826542,182.86
420.863,0.995313,24845718,213.33
434.431,0.996094,24865265,256.00
442.623,0.996484,24875047,284.44
451.839,0.996875,24884848,320.00
462.079,0.997266,24894347,365.71
473.855,0.997656,24904091,426.67
488.191,0.998047,24913981,512.00
496.127,0.998242,24918857,568.89
504.575,0.998437,24923669,640.00
514.047,0.998633,24928479,731.43
524.799,0.998828,24933394,853.33
536.575,0.999023,24938361,1024.00
542.719,0.999121,24940745,1137.78
549.375,0.999219,24943124,1280.00
556.543,0.999316,24945558,1462.86
564.735,0.999414,24948067,1706.67
573.439,0.999512,24950507,2048.00
578.047,0.999561,24951706,2275.56
582.655,0.999609,24952890,2560.00
587.775,0.999658,24954130,2925.71
592.895,0.999707,24955341,3413.33
598.527,0.999756,24956551,4096.00
601.087,0.999780,24957116,4551.11
604.671,0.999805,24957816,5120.00
607.743,0.999829,24958407,5851.43
610.815,0.999854,24959015,6826.67
613.887,0.999878,24959622,8192.00
615.423,0.999890,24959911,9102.22
616.959,0.999902,24960183,10240.00
618.495,0.999915,24960472,11702.86
620.543,0.999927,24960857,13653.33
622.079,0.999939,24961143,16384.00
622.591,0.999945,24961241,18204.44
623.615,0.999951,24961428,20480.00
624.639,0.999957,24961589,23405.71
625.663,0.999963,24961778,27306.67
626.175,0.999969,24961859,32768.00
626.687,0.999973,24961960,36408.89
627.199,0.999976,24962046,40960.00
627.711,0.999979,24962133,46811.43
628.223,0.999982,24962221,54613.33
628.223,0.999985,24962221,65536.00
628.735,0.999986,24962306,72817.78
628.735,0.999988,24962306,81920.00
629.247,0.999989,24962393,93622.86
629.247,0.999991,24962393,109226.67
629.759,0.999992,24962488,131072.00
629.759,0.999993,24962488,145635.56
629.759,0.999994,24962488,163840.00
629.759,0.999995,24962488,187245.71
629.759,0.999995,24962488,218453.33
630.271,0.999996,24962568,262144.00
630.271,0.999997,24962568,291271.11
630.271,0.999997,24962568,327680.00
630.271,0.999997,24962568,374491.43
630.271,0.999998,24962568,436906.67
630.271,0.999998,24962568,524288.00
630.271,0.999998,24962568,582542.22
630.271,0.999998,24962568,655360.00
630.271,0.999999,24962568,748982.86
630.271,0.999999,24962568,873813.33
630.783,0.999999,24962657,1048576.00
630.783,1.000000,24962657,inf
