Value,Percentile,TotalCount,1/(1-Percentile)
34.975,0.000000,1,1.00
74.687,0.100000,2501356,1.11
82.495,0.200000,5012762,1.25
89.023,0.300000,7495031,1.43
95.295,0.400000,9991737,1.67
101.631,0.500000,12494713,2.00
104.831,0.550000,13737994,2.22
108.159,0.600000,14988777,2.50
111.743,0.650000,16254415,2.86
115.647,0.700000,17496705,3.33
120.255,0.750000,18734822,4.00
123.071,0.775000,19362883,4.44
126.399,0.800000,19989268,5.00
130.495,0.825000,20612641,5.71
135.935,0.850000,21236150,6.67
143.615,0.875000,21855688,8.00
148.863,0.887500,22169715,8.89
155.263,0.900000,22483609,10.00
162.815,0.912500,22791819,11.43
171.903,0.925000,23102512,13.33
182.911,0.937500,23415879,16.00
189.311,0.943750,23573277,17.78
196.223,0.950000,23727035,20.00
204.159,0.956250,23883660,22.86
213.247,0.962500,24040872,26.67
223.615,0.968750,24195483,32.00
229.503,0.971875,24273873,35.56
235.903,0.975000,24351902,40.00
242.943,0.978125,24429283,45.71
250.879,0.981250,24507529,53.33
260.095,0.984375,24586323,64.00
265.215,0.985938,24624763,71.11
271.103,0.987500,24664120,80.00
277.759,0.989062,24703180,91.43
285.439,0.990625,24741819,106.67
294.655,0.992188,24780552,128.00
300.287,0.992969,24800262,142.22
306.687,0.993750,24819842,160.00
314.111,0.994531,24839310,182.86
323.071,0.995313,24858763,213.33
333.823,0.996094,24878251,256.00
340.223,0.996484,24888148,284.44
347.135,0.996875,24897778,320.00
354.815,0.997266,24907474,365.71
363.519,0.997656,24917163,426.67
373.759,0.998047,24926856,512.00
379.647,0.998242,24931870,568.89
385.791,0.998437,24936632,640.00
392.703,0.998633,24941492,731.43
400.639,0.998828,24946474,853.33
409.343,0.999023,24951290,1024.00
414.207,0.999121,24953681,1137.78
419.583,0.999219,24956163,1280.00
425.215,0.999316,24958534,1462.86
431.615,0.999414,24960987,1706.67
438.527,0.999512,24963444,2048.00
442.367,0.999561,24964706,2275.56
446.207,0.999609,24965899,2560.00
450.303,0.999658,24967120,2925.71
454.399,0.999707,24968307,3413.33
458.751,0.999756,24969571,4096.00
460.799,0.999780,24970124,4551.11
463.103,0.999805,24970765,5120.00
465.407,0.999829,24971345,5851.43
467.967,0.999854,24971987,6826.67
470.271,0.999878,24972559,8192.00
471.551,0.999890,24972884,9102.22
472.831,0.999902,24973207,10240.00
474.111,0.999915,24973483,11702.86
475.391,0.999927,24973813,13653.33
476.671,0.999939,24974115,16384.00
477.439,0.999945,24974284,18204.44
478.207,0.999951,24974442,20480.00
478.719,0.999957,24974551,23405.71
479.487,0.999963,24974728,27306.67
479.999,0.999969,24974847,32768.00
480.511,0.999973,24974966,36408.89
480.767,0.999976,24975010,40960.00
481.279,0.999979,24975139,46811.43
481.535,0.999982,24975188,54613.33
481.791,0.999985,24975250,65536.00
482.047,0.999986,24975305,72817.78
482.047,0.999988,24975305,81920.00
482.303,0.999989,24975352,93622.86
482.559,0.999991,24975414,109226.67
482.815,0.999992,24975482,131072.00
482.815,0.999993,24975482,145635.56
482.815,0.999994,24975482,163840.00
482.815,0.999995,24975482,187245.71
483.071,0.999995,24975528,218453.33
483.071,0.999996,24975528,262144.00
483.071,0.999997,24975528,291271.11
483.327,0.999997,24975583,327680.00
483.327,0.999997,24975583,374491.43
483.327,0.999998,24975583,436906.67
483.327,0.999998,24975583,524288.00
483.327,0.999998,24975583,582542.22
483.327,0.999998,24975583,655360.00
483.327,0.999999,24975583,748982.86
483.327,0.999999,24975583,873813.33
483.327,0.999999,24975583,1048576.00
483.583,0.999999,24975641,1165084.44
483.583,1.000000,24975641,inf
