Value,Percentile,TotalCount,1/(1-Percentile)
40.671,0.000000,1,1.00
65.983,0.100000,999359,1.11
73.919,0.200000,1998850,1.25
80.959,0.300000,3005169,1.43
87.487,0.400000,4001936,1.67
95.167,0.500000,4996423,2.00
99.711,0.550000,5495481,2.22
104.831,0.600000,5994349,2.50
110.783,0.650000,6490486,2.86
118.207,0.700000,6990423,3.33
128.127,0.750000,7490293,4.00
134.655,0.775000,7738609,4.44
143.359,0.800000,7990484,5.00
155.775,0.825000,8237607,5.71
179.711,0.850000,8487089,6.67
368.895,0.875000,8736025,8.00
848.895,0.887500,8861021,8.89
1041.407,0.900000,8985914,10.00
1143.807,0.912500,9110622,11.43
1197.055,0.925000,9236198,13.33
1248.255,0.937500,9360851,16.00
1486.847,0.943750,9422415,17.78
1852.415,0.950000,9485070,20.00
2088.959,0.956250,9547486,22.86
2152.447,0.962500,9610751,26.67
2234.367,0.968750,9672235,32.00
2303.999,0.971875,9703477,35.56
2748.415,0.975000,9734427,40.00
3039.231,0.978125,9765638,45.71
3211.263,0.981250,9797698,53.33
3334.143,0.984375,9828190,64.00
3538.943,0.985938,9843630,71.11
3964.927,0.987500,9859225,80.00
4210.687,0.989062,9874951,91.43
4329.471,0.990625,9890761,106.67
4419.583,0.992188,9906315,128.00
4505.599,0.992969,9913816,142.22
4972.543,0.993750,9921628,160.00
5251.071,0.994531,9929491,182.86
5427.199,0.995313,9937443,213.33
5525.503,0.996094,9945115,256.00
5652.479,0.996484,9948925,284.44
6066.175,0.996875,9952830,320.00
6287.359,0.997266,9956734,365.71
6447.103,0.997656,9960614,426.67
6553.599,0.998047,9964614,512.00
6594.559,0.998242,9966698,568.89
6623.231,0.998437,9968531,640.00
6672.383,0.998633,9970388,731.43
6963.199,0.998828,9972321,853.33
7245.823,0.999023,9974265,1024.00
7323.647,0.999121,9975243,1137.78
7413.759,0.999219,9976221,1280.00
7491.583,0.999316,9977197,1462.86
7548.927,0.999414,9978202,1706.67
7581.695,0.999512,9979192,2048.00
7598.079,0.999561,9979686,2275.56
7614.463,0.999609,9980129,2560.00
7634.943,0.999658,9980613,2925.71
7655.423,0.999707,9981093,3413.33
7675.903,0.999756,9981626,4096.00
7684.095,0.999780,9981849,4551.11
7696.383,0.999805,9982144,5120.00
7704.575,0.999829,9982337,5851.43
7716.863,0.999854,9982555,6826.67
7741.439,0.999878,9982814,8192.00
7766.015,0.999890,9982927,9102.22
7811.071,0.999902,9983041,10240.00
7860.223,0.999915,9983157,11702.86
7946.239,0.999927,9983284,13653.33
7999.487,0.999939,9983406,16384.00
8019.967,0.999945,9983467,18204.44
8040.447,0.999951,9983534,20480.00
8056.831,0.999957,9983587,23405.71
8073.215,0.999963,9983646,27306.67
8097.791,0.999969,9983718,32768.00
8105.983,0.999973,9983744,36408.89
8118.271,0.999976,9983778,40960.00
8126.463,0.999979,9983805,46811.43
8134.655,0.999982,9983828,54613.33
8151.039,0.999985,9983878,65536.00
8151.039,0.999986,9983878,72817.78
8155.135,0.999988,9983890,81920.00
8163.327,0.999989,9983905,93622.86
8171.519,0.999991,9983927,109226.67
8175.615,0.999992,9983939,131072.00
8179.711,0.999993,9983952,145635.56
8179.711,0.999994,9983952,163840.00
8183.807,0.999995,9983966,187245.71
8183.807,0.999995,9983966,218453.33
8187.903,0.999996,9983973,262144.00
8191.999,0.999997,9983986,291271.11
8191.999,0.999997,9983986,327680.00
8191.999,0.999997,9983986,374491.43
8196.095,0.999998,9983996,436906.67
8196.095,0.999998,9983996,524288.00
8196.095,0.999998,9983996,582542.22
8196.095,0.999998,9983996,655360.00
8200.191,0.999999,9984005,748982.86
8200.191,0.999999,9984005,873813.33
8200.191,0.999999,9984005,1048576.00
8200.191,0.999999,9984005,1165084.44
8200.191,0.999999,9984005,1310720.00
8200.191,0.999999,9984005,1497965.71
8200.191,0.999999,9984005,1747626.67
8204.287,1.000000,9984012,2097152.00
8204.287,1.000000,9984012,inf
