Value,Percentile,TotalCount,1/(1-Percentile)
26.335,0.000000,1,1.00
47.935,0.100000,997868,1.11
60.479,0.200000,1992819,1.25
94.463,0.300000,2990245,1.43
104.575,0.400000,3989903,1.67
111.039,0.500000,4983280,2.00
113.983,0.550000,5480109,2.22
116.927,0.600000,5977482,2.50
119.999,0.650000,6474937,2.86
123.391,0.700000,6979539,3.33
127.167,0.750000,7477466,4.00
129.215,0.775000,7719695,4.44
131.583,0.800000,7974000,5.00
134.143,0.825000,8220831,5.71
137.087,0.850000,8467260,6.67
140.671,0.875000,8717889,8.00
142.847,0.887500,8846036,8.89
145.279,0.900000,8970273,10.00
148.095,0.912500,9094112,11.43
151.423,0.925000,9216846,13.33
155.519,0.937500,9340999,16.00
157.823,0.943750,9400951,17.78
160.511,0.950000,9464122,20.00
163.455,0.956250,9525635,22.86
166.783,0.962500,9587744,26.67
170.623,0.968750,9650585,32.00
172.671,0.971875,9681192,35.56
174.975,0.975000,9712974,40.00
177.407,0.978125,9743956,45.71
180.095,0.981250,9774160,53.33
183.167,0.984375,9805093,64.00
184.959,0.985938,9821105,71.11
186.879,0.987500,9836974,80.00
188.927,0.989062,9852269,91.43
191.231,0.990625,9867847,106.67
193.791,0.992188,9882781,128.00
195.327,0.992969,9891010,142.22
196.863,0.993750,9898618,160.00
198.527,0.994531,9906281,182.86
200.447,0.995313,9914183,213.33
202.495,0.996094,9921803,256.00
203.647,0.996484,9925808,284.44
204.799,0.996875,9929533,320.00
206.079,0.997266,9933457,365.71
207.487,0.997656,9937395,426.67
209.023,0.998047,9941319,512.00
209.919,0.998242,9943336,568.89
210.687,0.998437,9945059,640.00
211.711,0.998633,9947180,731.43
212.607,0.998828,9948920,853.33
213.759,0.999023,9951016,1024.00
214.271,0.999121,9951904,1137.78
214.911,0.999219,9952992,1280.00
215.423,0.999316,9953809,1462.86
216.063,0.999414,9954768,1706.67
216.703,0.999512,9955736,2048.00
217.087,0.999561,9956252,2275.56
217.471,0.999609,9956775,2560.00
217.855,0.999658,9957301,2925.71
218.239,0.999707,9957791,3413.33
218.623,0.999756,9958299,4096.00
218.751,0.999780,9958458,4551.11
219.007,0.999805,9958775,5120.00
219.135,0.999829,9958914,5851.43
219.391,0.999854,9959243,6826.67
219.519,0.999878,9959402,8192.00
219.647,0.999890,9959535,9102.22
219.775,0.999902,9959683,10240.00
219.903,0.999915,9959822,11702.86
220.031,0.999927,9959958,13653.33
220.159,0.999939,9960084,16384.00
220.159,0.999945,9960084,18204.44
220.287,0.999951,9960236,20480.00
220.287,0.999957,9960236,23405.71
220.287,0.999963,9960236,27306.67
220.415,0.999969,9960381,32768.00
220.415,0.999973,9960381,36408.89
220.415,0.999976,9960381,40960.00
220.415,0.999979,9960381,46811.43
220.543,0.999982,9960512,54613.33
220.543,0.999985,9960512,65536.00
220.543,0.999986,9960512,72817.78
220.543,0.999988,9960512,81920.00
220.543,0.999989,9960512,93622.86
220.543,0.999991,9960512,109226.67
220.543,0.999992,9960512,131072.00
220.671,0.999993,9960660,145635.56
220.671,1.000000,9960660,inf
