Value,Percentile,TotalCount,1/(1-Percentile)
46.879,0.000000,1,1.00
60.319,0.100000,1009006,1.11
61.791,0.200000,2016601,1.25
62.879,0.300000,3016994,1.43
63.871,0.400000,4030880,1.67
64.831,0.500000,5015311,2.00
65.343,0.550000,5515660,2.22
65.919,0.600000,6043462,2.50
66.495,0.650000,6527074,2.86
67.135,0.700000,7007046,3.33
67.967,0.750000,7536066,4.00
68.415,0.775000,7778240,4.44
68.927,0.800000,8021968,5.00
69.503,0.825000,8258581,5.71
70.207,0.850000,8499985,6.67
71.167,0.875000,8759550,8.00
71.743,0.887500,8884551,8.89
72.383,0.900000,9002026,10.00
73.215,0.912500,9127028,11.43
74.303,0.925000,9255741,13.33
75.647,0.937500,9375068,16.00
76.543,0.943750,9436912,17.78
77.695,0.950000,9502579,20.00
79.039,0.956250,9564326,22.86
80.703,0.962500,9624873,26.67
82.943,0.968750,9687144,32.00
84.415,0.971875,9719193,35.56
86.143,0.975000,9750242,40.00
88.255,0.978125,9780602,45.71
91.327,0.981250,9812271,53.33
95.999,0.984375,9843379,64.00
99.391,0.985938,9858870,71.11
103.679,0.987500,9874453,80.00
108.735,0.989062,9890044,91.43
115.007,0.990625,9905613,106.67
128.255,0.992188,9921247,128.00
137.215,0.992969,9929079,142.22
144.255,0.993750,9936845,160.00
149.887,0.994531,9944838,182.86
155.391,0.995313,9952509,213.33
164.607,0.996094,9960302,256.00
187.391,0.996484,9964177,284.44
1142.783,0.996875,9968177,320.00
1164.287,0.997266,9972084,365.71
1184.767,0.997656,9976007,426.67
1196.031,0.998047,9979909,512.00
1201.151,0.998242,9981975,568.89
1206.271,0.998437,9983779,640.00
1212.415,0.998633,9985664,731.43
1220.607,0.998828,9987808,853.33
1229.823,0.999023,9989747,1024.00
1234.943,0.999121,9990628,1137.78
1241.087,0.999219,9991582,1280.00
1248.255,0.999316,9992495,1462.86
1261.567,0.999414,9993523,1706.67
1283.071,0.999512,9994448,2048.00
2201.599,0.999561,9994962,2275.56
2217.983,0.999609,9995438,2560.00
2230.271,0.999658,9995922,2925.71
2248.703,0.999707,9996430,3413.33
2269.183,0.999756,9996959,4096.00
2273.279,0.999780,9997133,4551.11
2279.423,0.999805,9997472,5120.00
2283.519,0.999829,9997718,5851.43
2287.615,0.999854,9997912,6826.67
2293.759,0.999878,9998178,8192.00
2295.807,0.999890,9998248,9102.22
2299.903,0.999902,9998405,10240.00
2301.951,0.999915,9998478,11702.86
2306.047,0.999927,9998633,13653.33
2308.095,0.999939,9998720,16384.00
2310.143,0.999945,9998813,18204.44
2312.191,0.999951,9998880,20480.00
2314.239,0.999957,9998972,23405.71
2314.239,0.999963,9998972,27306.67
2316.287,0.999969,9999061,32768.00
2316.287,0.999973,9999061,36408.89
2318.335,0.999976,9999136,40960.00
2318.335,0.999979,9999136,46811.43
2320.383,0.999982,9999210,54613.33
2320.383,0.999985,9999210,65536.00
2320.383,0.999986,9999210,72817.78
2320.383,0.999988,9999210,81920.00
2322.431,0.999989,9999280,93622.86
2322.431,0.999991,9999280,109226.67
2322.431,0.999992,9999280,131072.00
2322.431,0.999993,9999280,145635.56
2322.431,0.999994,9999280,163840.00
2322.431,0.999995,9999280,187245.71
2324.479,0.999995,9999344,218453.33
2324.479,1.000000,9999344,inf
