Value,Percentile,TotalCount,1/(1-Percentile)
26.175,0.000000,1,1.00
31.935,0.100000,4799103,1.11
32.495,0.200000,9571058,1.25
33.119,0.300000,14434552,1.43
34.335,0.400000,18993091,1.67
37.567,0.500000,23753879,2.00
38.207,0.550000,26235519,2.22
38.655,0.600000,28599840,2.50
39.039,0.650000,30905435,2.86
39.455,0.700000,33393075,3.33
39.903,0.750000,35658380,4.00
40.191,0.775000,36788437,4.44
40.607,0.800000,38037360,5.00
41.151,0.825000,39177690,5.71
42.143,0.850000,40344427,6.67
44.063,0.875000,41531384,8.00
45.951,0.887500,42122825,8.89
48.255,0.900000,42718977,10.00
53.055,0.912500,43310813,11.43
64.511,0.925000,43902260,13.33
73.343,0.937500,44496484,16.00
77.567,0.943750,44792948,17.78
87.359,0.950000,45088658,20.00
93.695,0.956250,45394673,22.86
95.359,0.962500,45689202,26.67
96.447,0.968750,45991892,32.00
96.831,0.971875,46129162,35.56
97.279,0.975000,46281665,40.00
97.791,0.978125,46429861,45.71
98.431,0.981250,46584676,53.33
99.007,0.984375,46720053,64.00
99.327,0.985938,46797305,71.11
99.647,0.987500,46873412,80.00
99.967,0.989062,46944646,91.43
100.351,0.990625,47018213,106.67
100.863,0.992188,47091897,128.00
101.247,0.992969,47130932,142.22
101.759,0.993750,47167151,160.00
102.591,0.994531,47202965,182.86
103.999,0.995313,47239190,213.33
106.111,0.996094,47276514,256.00
107.327,0.996484,47295144,284.44
108.799,0.996875,47313188,320.00
110.719,0.997266,47331923,365.71
113.023,0.997656,47350177,426.67
116.159,0.998047,47368832,512.00
118.271,0.998242,47378041,568.89
121.023,0.998437,47387126,640.00
125.567,0.998633,47396402,731.43
130.815,0.998828,47405735,853.33
135.935,0.999023,47415006,1024.00
140.159,0.999121,47419562,1137.78
151.679,0.999219,47424191,1280.00
166.399,0.999316,47428819,1462.86
171.775,0.999414,47433561,1706.67
174.975,0.999512,47438089,2048.00
176.383,0.999561,47440480,2275.56
177.663,0.999609,47442855,2560.00
178.815,0.999658,47445134,2925.71
179.967,0.999707,47447573,3413.33
180.991,0.999756,47449750,4096.00
181.503,0.999780,47450911,4551.11
182.015,0.999805,47452020,5120.00
182.655,0.999829,47453366,5851.43
183.167,0.999854,47454442,6826.67
183.679,0.999878,47455513,8192.00
184.063,0.999890,47456337,9102.22
184.319,0.999902,47456893,10240.00
184.575,0.999915,47457467,11702.86
184.831,0.999927,47458021,13653.33
185.087,0.999939,47458543,16384.00
185.215,0.999945,47458809,18204.44
185.343,0.999951,47459088,20480.00
185.471,0.999957,47459385,23405.71
185.599,0.999963,47459652,27306.67
185.727,0.999969,47459900,32768.00
185.855,0.999973,47460181,36408.89
185.855,0.999976,47460181,40960.00
185.983,0.999979,47460465,46811.43
185.983,0.999982,47460465,54613.33
186.111,0.999985,47460692,65536.00
186.111,0.999986,47460692,72817.78
186.111,0.999988,47460692,81920.00
186.239,0.999989,47460937,93622.86
186.239,0.999991,47460937,109226.67
186.239,0.999992,47460937,131072.00
186.239,0.999993,47460937,145635.56
186.367,0.999994,47461193,163840.00
186.367,0.999995,47461193,187245.71
186.367,0.999995,47461193,218453.33
186.367,0.999996,47461193,262144.00
186.367,0.999997,47461193,291271.11
186.367,0.999997,47461193,327680.00
186.367,0.999997,47461193,374491.43
186.367,0.999998,47461193,436906.67
186.367,0.999998,47461193,524288.00
186.367,0.999998,47461193,582542.22
186.367,0.999998,47461193,655360.00
186.495,0.999999,47461451,748982.86
186.495,1.000000,47461451,inf
