Value,Percentile,TotalCount,1/(1-Percentile)
45.983,0.000000,1,1.00
61.055,0.100000,251613,1.11
65.023,0.200000,501534,1.25
70.079,0.300000,750211,1.43
76.031,0.400000,1000651,1.67
99.903,0.500000,1250363,2.00
118.015,0.550000,1376120,2.22
124.607,0.600000,1500585,2.50
129.663,0.650000,1626053,2.86
134.271,0.700000,1752207,3.33
138.879,0.750000,1877775,4.00
141.183,0.775000,1937949,4.44
143.743,0.800000,2000534,5.00
146.559,0.825000,2063814,5.71
149.759,0.850000,2127279,6.67
153.343,0.875000,2189586,8.00
155.391,0.887500,2221031,8.89
157.567,0.900000,2252039,10.00
159.871,0.912500,2281808,11.43
162.559,0.925000,2313011,13.33
165.631,0.937500,2344891,16.00
167.295,0.943750,2360153,17.78
169.215,0.950000,2376372,20.00
171.263,0.956250,2391830,22.86
173.567,0.962500,2406892,26.67
176.511,0.968750,2422870,32.00
178.175,0.971875,2430634,35.56
179.967,0.975000,2438023,40.00
182.271,0.978125,2446013,45.71
184.959,0.981250,2453655,53.33
188.671,0.984375,2461556,64.00
190.975,0.985938,2465491,71.11
193.663,0.987500,2469226,80.00
197.119,0.989062,2473104,91.43
201.727,0.990625,2477061,106.67
207.103,0.992188,2480936,128.00
210.303,0.992969,2482930,142.22
213.631,0.993750,2484865,160.00
217.087,0.994531,2486787,182.86
221.055,0.995313,2488745,213.33
226.303,0.996094,2490692,256.00
229.759,0.996484,2491664,284.44
234.623,0.996875,2492657,320.00
240.767,0.997266,2493624,365.71
248.703,0.997656,2494593,426.67
258.815,0.998047,2495572,512.00
265.983,0.998242,2496065,568.89
276.223,0.998437,2496546,640.00
295.167,0.998633,2497029,731.43
330.239,0.998828,2497518,853.33
533.503,0.999023,2498007,1024.00
729.087,0.999121,2498250,1137.78
933.375,0.999219,2498494,1280.00
1128.447,0.999316,2498740,1462.86
1315.839,0.999414,2498982,1706.67
1553.407,0.999512,2499228,2048.00
1643.519,0.999561,2499349,2275.56
1753.087,0.999609,2499471,2560.00
1888.255,0.999658,2499593,2925.71
2014.207,0.999707,2499715,3413.33
2179.071,0.999756,2499838,4096.00
2258.943,0.999780,2499898,4551.11
2326.527,0.999805,2499959,5120.00
2418.687,0.999829,2500020,5851.43
2514.943,0.999854,2500081,6826.67
2637.823,0.999878,2500144,8192.00
2715.647,0.999890,2500173,9102.22
2799.615,0.999902,2500205,10240.00
2871.295,0.999915,2500234,11702.86
2973.695,0.999927,2500264,13653.33
3112.959,0.999939,2500295,16384.00
3176.447,0.999945,2500311,18204.44
3237.887,0.999951,2500325,20480.00
3301.375,0.999957,2500341,23405.71
3368.959,0.999963,2500356,27306.67
3430.399,0.999969,2500371,32768.00
3512.319,0.999973,2500379,36408.89
3540.991,0.999976,2500386,40960.00
3577.855,0.999979,2500394,46811.43
3631.103,0.999982,2500402,54613.33
3678.207,0.999985,2500409,65536.00
3700.735,0.999986,2500413,72817.78
3766.271,0.999988,2500417,81920.00
3788.799,0.999989,2500421,93622.86
3813.375,0.999991,2500425,109226.67
3839.999,0.999992,2500428,131072.00
3864.575,0.999993,2500430,145635.56
3866.623,0.999994,2500432,163840.00
3891.199,0.999995,2500434,187245.71
3897.343,0.999995,2500436,218453.33
3899.391,0.999996,2500438,262144.00
3911.679,0.999997,2500439,291271.11
3915.775,0.999997,2500440,327680.00
3917.823,0.999997,2500441,374491.43
3938.303,0.999998,2500442,436906.67
3942.399,0.999998,2500443,524288.00
3942.399,0.999998,2500443,582542.22
3944.447,0.999998,2500444,655360.00
3944.447,0.999999,2500444,748982.86
3946.495,0.999999,2500445,873813.33
3946.495,0.999999,2500445,1048576.00
3946.495,0.999999,2500445,1165084.44
3950.591,0.999999,2500447,1310720.00
3950.591,1.000000,2500447,inf
