Value,Percentile,TotalCount,1/(1-Percentile)
42.143,0.000000,1,1.00
79.167,0.100000,1002578,1.11
87.551,0.200000,1995557,1.25
93.951,0.300000,2996288,1.43
99.903,0.400000,3993027,1.67
106.111,0.500000,4987052,2.00
109.695,0.550000,5491447,2.22
113.791,0.600000,5988519,2.50
118.719,0.650000,6483561,2.86
124.991,0.700000,6981547,3.33
133.503,0.750000,7481129,4.00
139.263,0.775000,7733391,4.44
146.559,0.800000,7980426,5.00
156.927,0.825000,8228277,5.71
175.103,0.850000,8477848,6.67
237.183,0.875000,8726424,8.00
710.655,0.887500,8851075,8.89
980.991,0.900000,8975956,10.00
1132.543,0.912500,9100687,11.43
1201.151,0.925000,9227085,13.33
1260.543,0.937500,9349895,16.00
1503.231,0.943750,9412055,17.78
1899.519,0.950000,9474605,20.00
2117.631,0.956250,9537726,22.86
2226.175,0.962500,9600223,26.67
2283.519,0.968750,9662117,32.00
2326.527,0.971875,9692583,35.56
2543.615,0.975000,9723641,40.00
2969.599,0.978125,9754831,45.71
3186.687,0.981250,9786211,53.33
3313.663,0.984375,9817182,64.00
3344.383,0.985938,9834054,71.11
3366.911,0.987500,9848348,80.00
3438.591,0.989062,9864171,91.43
3803.135,0.990625,9879484,106.67
4120.575,0.992188,9895107,128.00
4280.319,0.992969,9902901,142.22
4349.951,0.993750,9911090,160.00
4386.815,0.994531,9919257,182.86
4415.487,0.995313,9926283,213.33
4468.735,0.996094,9934133,256.00
4546.559,0.996484,9937977,284.44
4845.567,0.996875,9941802,320.00
5083.135,0.997266,9945794,365.71
5193.727,0.997656,9949613,426.67
5361.663,0.998047,9953545,512.00
5398.527,0.998242,9955551,568.89
5423.103,0.998437,9957611,640.00
5439.487,0.998633,9959413,731.43
5459.967,0.998828,9961661,853.33
5476.351,0.999023,9963247,1024.00
5488.639,0.999121,9964397,1137.78
5500.927,0.999219,9965222,1280.00
5525.503,0.999316,9966156,1462.86
5578.751,0.999414,9967165,1706.67
5668.863,0.999512,9968096,2048.00
5795.839,0.999561,9968595,2275.56
5881.855,0.999609,9969079,2560.00
5955.583,0.999658,9969554,2925.71
6041.599,0.999707,9970052,3413.33
6098.943,0.999756,9970542,4096.00
6123.519,0.999780,9970798,4551.11
6143.999,0.999805,9971046,5120.00
6160.383,0.999829,9971298,5851.43
6176.767,0.999854,9971535,6826.67
6193.151,0.999878,9971809,8192.00
6197.247,0.999890,9971865,9102.22
6205.439,0.999902,9971997,10240.00
6213.631,0.999915,9972132,11702.86
6221.823,0.999927,9972250,13653.33
6234.111,0.999939,9972378,16384.00
6238.207,0.999945,9972437,18204.44
6242.303,0.999951,9972482,20480.00
6250.495,0.999957,9972557,23405.71
6254.591,0.999963,9972596,27306.67
6262.783,0.999969,9972677,32768.00
6266.879,0.999973,9972709,36408.89
6270.975,0.999976,9972742,40960.00
6275.071,0.999979,9972774,46811.43
6279.167,0.999982,9972805,54613.33
6283.263,0.999985,9972822,65536.00
6287.359,0.999986,9972853,72817.78
6287.359,0.999988,9972853,81920.00
6291.455,0.999989,9972883,93622.86
6291.455,0.999991,9972883,109226.67
6295.551,0.999992,9972911,131072.00
6295.551,0.999993,9972911,145635.56
6295.551,0.999994,9972911,163840.00
6295.551,0.999995,9972911,187245.71
6299.647,0.999995,9972941,218453.33
6299.647,0.999996,9972941,262144.00
6299.647,0.999997,9972941,291271.11
6299.647,0.999997,9972941,327680.00
6299.647,0.999997,9972941,374491.43
6299.647,0.999998,9972941,436906.67
6299.647,0.999998,9972941,524288.00
6303.743,0.999998,9972966,582542.22
6303.743,1.000000,9972966,inf
