Value,Percentile,TotalCount,1/(1-Percentile)
30.303,0.000000,1,1.00
60.895,0.100000,500484,1.11
68.351,0.200000,1000447,1.25
74.879,0.300000,1498970,1.43
81.215,0.400000,2002708,1.67
87.295,0.500000,2501177,2.00
90.559,0.550000,2751550,2.22
94.143,0.600000,2999837,2.50
98.239,0.650000,3248924,2.86
103.039,0.700000,3497386,3.33
108.991,0.750000,3747771,4.00
112.639,0.775000,3871749,4.44
117.119,0.800000,3996261,5.00
123.007,0.825000,4121109,5.71
131.327,0.850000,4246727,6.67
143.359,0.875000,4371007,8.00
151.167,0.887500,4433331,8.89
160.127,0.900000,4496034,10.00
170.239,0.912500,4558018,11.43
182.143,0.925000,4620386,13.33
196.863,0.937500,4682957,16.00
205.695,0.943750,4714018,17.78
215.551,0.950000,4745528,20.00
226.431,0.956250,4776512,22.86
238.463,0.962500,4807839,26.67
251.647,0.968750,4838957,32.00
258.815,0.971875,4854438,35.56
266.751,0.975000,4870182,40.00
275.455,0.978125,4886123,45.71
284.927,0.981250,4901315,53.33
296.191,0.984375,4916929,64.00
302.847,0.985938,4924856,71.11
310.271,0.987500,4932500,80.00
319.231,0.989062,4940342,91.43
329.727,0.990625,4948112,106.67
343.039,0.992188,4956005,128.00
350.719,0.992969,4959835,142.22
359.423,0.993750,4963765,160.00
369.407,0.994531,4967687,182.86
380.415,0.995313,4971547,213.33
392.703,0.996094,4975441,256.00
399.871,0.996484,4977407,284.44
407.807,0.996875,4979358,320.00
416.255,0.997266,4981269,365.71
427.007,0.997656,4983238,426.67
439.807,0.998047,4985180,512.00
447.743,0.998242,4986151,568.89
457.215,0.998437,4987115,640.00
468.735,0.998633,4988089,731.43
483.839,0.998828,4989076,853.33
502.527,0.999023,4990044,1024.00
513.791,0.999121,4990536,1137.78
526.847,0.999219,4991017,1280.00
540.671,0.999316,4991503,1462.86
556.543,0.999414,4992002,1706.67
573.951,0.999512,4992486,2048.00
584.191,0.999561,4992729,2275.56
593.919,0.999609,4992971,2560.00
603.135,0.999658,4993217,2925.71
612.863,0.999707,4993454,3413.33
624.639,0.999756,4993709,4096.00
629.759,0.999780,4993828,4551.11
635.903,0.999805,4993956,5120.00
641.023,0.999829,4994064,5851.43
647.167,0.999854,4994193,6826.67
653.311,0.999878,4994315,8192.00
655.871,0.999890,4994374,9102.22
658.943,0.999902,4994438,10240.00
662.527,0.999915,4994500,11702.86
665.599,0.999927,4994555,13653.33
669.183,0.999939,4994624,16384.00
670.719,0.999945,4994650,18204.44
671.743,0.999951,4994678,20480.00
673.279,0.999957,4994707,23405.71
674.815,0.999963,4994739,27306.67
675.839,0.999969,4994767,32768.00
676.863,0.999973,4994791,36408.89
677.375,0.999976,4994804,40960.00
677.887,0.999979,4994817,46811.43
678.399,0.999982,4994832,54613.33
678.911,0.999985,4994843,65536.00
679.423,0.999986,4994850,72817.78
679.935,0.999988,4994858,81920.00
680.447,0.999989,4994869,93622.86
680.959,0.999991,4994878,109226.67
681.471,0.999992,4994895,131072.00
681.471,0.999993,4994895,145635.56
681.471,0.999994,4994895,163840.00
681.471,0.999995,4994895,187245.71
681.471,0.999995,4994895,218453.33
681.983,0.999996,4994902,262144.00
681.983,0.999997,4994902,291271.11
681.983,0.999997,4994902,327680.00
682.495,0.999997,4994914,374491.43
682.495,0.999998,4994914,436906.67
682.495,0.999998,4994914,524288.00
682.495,0.999998,4994914,582542.22
682.495,0.999998,4994914,655360.00
682.495,0.999999,4994914,748982.86
682.495,0.999999,4994914,873813.33
682.495,0.999999,4994914,1048576.00
682.495,0.999999,4994914,1165084.44
682.495,0.999999,4994914,1310720.00
682.495,0.999999,4994914,1497965.71
683.007,0.999999,4994918,1747626.67
683.007,1.000000,4994918,inf
