Value,Percentile,TotalCount,1/(1-Percentile)
24.495,0.000000,1,1.00
109.119,0.100000,999076,1.11
125.119,0.200000,1998372,1.25
136.959,0.300000,3002780,1.43
148.735,0.400000,4001229,1.67
162.303,0.500000,4999665,2.00
170.239,0.550000,5493060,2.22
179.583,0.600000,5992302,2.50
190.591,0.650000,6490560,2.86
204.159,0.700000,6992820,3.33
220.799,0.750000,7489561,4.00
230.399,0.775000,7738994,4.44
240.895,0.800000,7989324,5.00
252.031,0.825000,8237770,5.71
264.191,0.850000,8490945,6.67
277.247,0.875000,8739576,8.00
284.415,0.887500,8862916,8.89
292.351,0.900000,8988457,10.00
301.055,0.912500,9112407,11.43
311.295,0.925000,9238424,13.33
323.071,0.937500,9360810,16.00
330.239,0.943750,9424289,17.78
337.919,0.950000,9485239,20.00
347.135,0.956250,9548659,22.86
357.887,0.962500,9611251,26.67
370.431,0.968750,9672509,32.00
377.855,0.971875,9703771,35.56
386.303,0.975000,9735341,40.00
395.775,0.978125,9766359,45.71
406.527,0.981250,9797234,53.33
419.327,0.984375,9828699,64.00
426.495,0.985938,9844182,71.11
434.687,0.987500,9860080,80.00
443.647,0.989062,9875247,91.43
454.399,0.990625,9890932,106.67
467.199,0.992188,9906561,128.00
474.623,0.992969,9914242,142.22
483.327,0.993750,9922063,160.00
493.311,0.994531,9930003,182.86
505.087,0.995313,9937798,213.33
519.167,0.996094,9945503,256.00
527.871,0.996484,9949445,284.44
537.087,0.996875,9953383,320.00
547.327,0.997266,9957213,365.71
559.103,0.997656,9961082,426.67
572.927,0.998047,9964951,512.00
580.607,0.998242,9966888,568.89
589.823,0.998437,9968876,640.00
599.551,0.998633,9970818,731.43
610.303,0.998828,9972778,853.33
623.103,0.999023,9974721,1024.00
629.759,0.999121,9975662,1137.78
637.439,0.999219,9976658,1280.00
645.631,0.999316,9977658,1462.86
653.823,0.999414,9978593,1706.67
663.039,0.999512,9979572,2048.00
668.159,0.999561,9980077,2275.56
673.279,0.999609,9980534,2560.00
678.399,0.999658,9981025,2925.71
684.031,0.999707,9981527,3413.33
689.663,0.999756,9982006,4096.00
692.735,0.999780,9982259,4551.11
695.807,0.999805,9982525,5120.00
698.367,0.999829,9982743,5851.43
701.439,0.999854,9982991,6826.67
704.511,0.999878,9983247,8192.00
705.535,0.999890,9983338,9102.22
707.071,0.999902,9983462,10240.00
708.607,0.999915,9983592,11702.86
710.143,0.999927,9983712,13653.33
712.191,0.999939,9983846,16384.00
713.215,0.999945,9983912,18204.44
713.727,0.999951,9983959,20480.00
714.751,0.999957,9984035,23405.71
715.263,0.999963,9984077,27306.67
716.287,0.999969,9984162,32768.00
716.287,0.999973,9984162,36408.89
716.799,0.999976,9984205,40960.00
717.311,0.999979,9984236,46811.43
717.823,0.999982,9984265,54613.33
718.335,0.999985,9984301,65536.00
718.335,0.999986,9984301,72817.78
718.847,0.999988,9984330,81920.00
718.847,0.999989,9984330,93622.86
719.359,0.999991,9984360,109226.67
719.359,0.999992,9984360,131072.00
719.871,0.999993,9984398,145635.56
719.871,0.999994,9984398,163840.00
719.871,0.999995,9984398,187245.71
719.871,0.999995,9984398,218453.33
719.871,0.999996,9984398,262144.00
720.383,0.999997,9984437,291271.11
720.383,1.000000,9984437,inf
