Value,Percentile,TotalCount,1/(1-Percentile)
44.639,0.000000,1,1.00
62.815,0.100000,1002752,1.11
66.431,0.200000,1999718,1.25
70.655,0.300000,3002642,1.43
76.223,0.400000,4001537,1.67
96.575,0.500000,4995346,2.00
103.167,0.550000,5497643,2.22
106.431,0.600000,6004467,2.50
109.375,0.650000,6498944,2.86
112.959,0.700000,6994843,3.33
118.079,0.750000,7496444,4.00
121.151,0.775000,7744226,4.44
124.479,0.800000,7993070,5.00
128.063,0.825000,8243051,5.71
131.839,0.850000,8495193,6.67
135.551,0.875000,8747809,8.00
137.343,0.887500,8872186,8.89
139.135,0.900000,8995148,10.00
141.055,0.912500,9121117,11.43
143.103,0.925000,9245134,13.33
145.407,0.937500,9369611,16.00
146.687,0.943750,9430467,17.78
148.095,0.950000,9490682,20.00
149.759,0.956250,9553260,22.86
151.807,0.962500,9618322,26.67
154.111,0.968750,9679981,32.00
155.391,0.971875,9709270,35.56
156.927,0.975000,9740577,40.00
158.719,0.978125,9772055,45.71
160.767,0.981250,9802562,53.33
163.327,0.984375,9834005,64.00
164.863,0.985938,9849930,71.11
166.527,0.987500,9865401,80.00
168.447,0.989062,9880863,91.43
170.751,0.990625,9896633,106.67
173.439,0.992188,9911746,128.00
175.103,0.992969,9919458,142.22
177.023,0.993750,9927251,160.00
179.327,0.994531,9935295,182.86
182.015,0.995313,9942985,213.33
185.471,0.996094,9950710,256.00
187.519,0.996484,9954523,284.44
190.079,0.996875,9958511,320.00
193.151,0.997266,9962387,365.71
197.247,0.997656,9966276,426.67
203.263,0.998047,9970169,512.00
207.743,0.998242,9972134,568.89
214.015,0.998437,9974049,640.00
224.127,0.998633,9975984,731.43
243.199,0.998828,9977931,853.33
316.415,0.999023,9979886,1024.00
356.863,0.999121,9980867,1137.78
451.071,0.999219,9981834,1280.00
1149.951,0.999316,9982810,1462.86
1173.503,0.999414,9983818,1706.67
1179.647,0.999512,9984847,2048.00
1181.695,0.999561,9985306,2275.56
1183.743,0.999609,9985793,2560.00
1185.791,0.999658,9986227,2925.71
1187.839,0.999707,9986730,3413.33
1189.887,0.999756,9987209,4096.00
1191.935,0.999780,9987669,4551.11
1192.959,0.999805,9987902,5120.00
1193.983,0.999829,9988123,5851.43
1195.007,0.999854,9988339,6826.67
1196.031,0.999878,9988581,8192.00
1196.031,0.999890,9988581,9102.22
1197.055,0.999902,9988827,10240.00
1197.055,0.999915,9988827,11702.86
1198.079,0.999927,9989062,13653.33
1198.079,0.999939,9989062,16384.00
1199.103,0.999945,9989319,18204.44
1199.103,0.999951,9989319,20480.00
1199.103,0.999957,9989319,23405.71
1199.103,0.999963,9989319,27306.67
1200.127,0.999969,9989595,32768.00
1200.127,0.999973,9989595,36408.89
1200.127,0.999976,9989595,40960.00
1200.127,0.999979,9989595,46811.43
1200.127,0.999982,9989595,54613.33
1200.127,0.999985,9989595,65536.00
1200.127,0.999986,9989595,72817.78
1200.127,0.999988,9989595,81920.00
1200.127,0.999989,9989595,93622.86
1200.127,0.999991,9989595,109226.67
1200.127,0.999992,9989595,131072.00
1200.127,0.999993,9989595,145635.56
1200.127,0.999994,9989595,163840.00
1200.127,0.999995,9989595,187245.71
1200.127,0.999995,9989595,218453.33
1201.151,0.999996,9989833,262144.00
1201.151,1.000000,9989833,inf
