Value,Percentile,TotalCount,1/(1-Percentile)
45.023,0.000000,1,1.00
64.607,0.100000,994279,1.11
67.839,0.200000,2001592,1.25
70.719,0.300000,2998474,1.43
73.663,0.400000,3977059,1.67
76.927,0.500000,4968477,2.00
78.783,0.550000,5467060,2.22
80.895,0.600000,5963158,2.50
83.391,0.650000,6453625,2.86
86.463,0.700000,6950765,3.33
90.047,0.750000,7445501,4.00
92.031,0.775000,7697291,4.44
94.079,0.800000,7943669,5.00
96.319,0.825000,8195149,5.71
98.687,0.850000,8438817,6.67
101.375,0.875000,8688606,8.00
102.847,0.887500,8812118,8.89
104.447,0.900000,8936397,10.00
106.175,0.912500,9058271,11.43
108.159,0.925000,9182818,13.33
110.527,0.937500,9309102,16.00
111.807,0.943750,9368024,17.78
113.343,0.950000,9430235,20.00
115.135,0.956250,9492702,22.86
117.311,0.962500,9555264,26.67
120.063,0.968750,9617205,32.00
121.727,0.971875,9647381,35.56
123.839,0.975000,9678560,40.00
126.463,0.978125,9709419,45.71
129.919,0.981250,9740245,53.33
134.911,0.984375,9771628,64.00
138.239,0.985938,9786829,71.11
142.591,0.987500,9802486,80.00
147.839,0.989062,9818145,91.43
153.727,0.990625,9833425,106.67
160.767,0.992188,9848856,128.00
165.503,0.992969,9856753,142.22
171.775,0.993750,9864330,160.00
183.935,0.994531,9872106,182.86
242.815,0.995313,9879841,213.33
1143.807,0.996094,9888148,256.00
1149.951,0.996484,9891866,284.44
1156.095,0.996875,9895683,320.00
1162.239,0.997266,9899371,365.71
1168.383,0.997656,9903231,426.67
1174.527,0.998047,9907101,512.00
1177.599,0.998242,9909058,568.89
1180.671,0.998437,9911017,640.00
1183.743,0.998633,9912964,731.43
1186.815,0.998828,9914882,853.33
1189.887,0.999023,9916771,1024.00
1191.935,0.999121,9918005,1137.78
1192.959,0.999219,9918618,1280.00
1195.007,0.999316,9919848,1462.86
1197.055,0.999414,9921072,1706.67
1198.079,0.999512,9921739,2048.00
1199.103,0.999561,9922364,2275.56
1200.127,0.999609,9922994,2560.00
1200.127,0.999658,9922994,2925.71
1201.151,0.999707,9923577,3413.33
1202.175,0.999756,9924141,4096.00
1203.199,0.999780,9924781,4551.11
1203.199,0.999805,9924781,5120.00
1203.199,0.999829,9924781,5851.43
1204.223,0.999854,9925421,6826.67
1204.223,0.999878,9925421,8192.00
1204.223,0.999890,9925421,9102.22
1204.223,0.999902,9925421,10240.00
1205.247,0.999915,9926022,11702.86
1205.247,0.999927,9926022,13653.33
1205.247,0.999939,9926022,16384.00
1205.247,0.999945,9926022,18204.44
1205.247,0.999951,9926022,20480.00
1205.247,0.999957,9926022,23405.71
1205.247,0.999963,9926022,27306.67
1206.271,0.999969,9926637,32768.00
1206.271,1.000000,9926637,inf
