Value,Percentile,TotalCount,1/(1-Percentile)
42.207,0.000000,1,1.00
73.663,0.100000,1000720,1.11
81.471,0.200000,2005703,1.25
87.615,0.300000,3001560,1.43
93.695,0.400000,3995100,1.67
100.671,0.500000,4996501,2.00
104.639,0.550000,5493816,2.22
109.183,0.600000,5994742,2.50
114.559,0.650000,6492827,2.86
121.343,0.700000,6992446,3.33
130.303,0.750000,7488560,4.00
136.191,0.775000,7739914,4.44
143.487,0.800000,7988613,5.00
153.215,0.825000,8237077,5.71
168.703,0.850000,8488206,6.67
210.047,0.875000,8736394,8.00
530.943,0.887500,8861184,8.89
898.047,0.900000,8985918,10.00
1077.247,0.912500,9111797,11.43
1168.383,0.925000,9237301,13.33
1210.367,0.937500,9362569,16.00
1243.135,0.943750,9423785,17.78
1597.439,0.950000,9485176,20.00
1897.471,0.956250,9547797,22.86
2115.583,0.962500,9610870,26.67
2187.263,0.968750,9672859,32.00
2228.223,0.971875,9704216,35.56
2281.471,0.975000,9735260,40.00
2723.839,0.978125,9765953,45.71
3031.039,0.981250,9797209,53.33
3262.463,0.984375,9828598,64.00
3301.375,0.985938,9844137,71.11
3342.335,0.987500,9859934,80.00
3676.159,0.989062,9875174,91.43
4034.559,0.990625,9890900,106.67
4239.359,0.992188,9906340,128.00
4341.759,0.992969,9915056,142.22
4362.239,0.993750,9923128,160.00
4378.623,0.994531,9930627,182.86
4403.199,0.995313,9938218,213.33
4657.151,0.996094,9945335,256.00
4943.871,0.996484,9949274,284.44
5119.999,0.996875,9953222,320.00
5242.879,0.997266,9957068,365.71
5402.623,0.997656,9961224,426.67
5431.295,0.998047,9965127,512.00
5443.583,0.998242,9967057,568.89
5455.871,0.998437,9968791,640.00
5476.351,0.998633,9970687,731.43
5578.751,0.998828,9972642,853.33
6070.271,0.999023,9974595,1024.00
6180.863,0.999121,9975582,1137.78
6279.167,0.999219,9976542,1280.00
6418.431,0.999316,9977536,1462.86
6488.063,0.999414,9978654,1706.67
6508.543,0.999512,9979624,2048.00
6516.735,0.999561,9980030,2275.56
6529.023,0.999609,9980499,2560.00
6557.695,0.999658,9980957,2925.71
6733.823,0.999707,9981410,3413.33
6979.583,0.999756,9981896,4096.00
7069.695,0.999780,9982144,4551.11
7151.615,0.999805,9982396,5120.00
7213.055,0.999829,9982639,5851.43
7245.823,0.999854,9982876,6826.67
7278.591,0.999878,9983132,8192.00
7299.071,0.999890,9983247,9102.22
7335.935,0.999902,9983368,10240.00
7401.471,0.999915,9983479,11702.86
7430.143,0.999927,9983611,13653.33
7442.431,0.999939,9983726,16384.00
7450.623,0.999945,9983817,18204.44
7454.719,0.999951,9983860,20480.00
7462.911,0.999957,9983938,23405.71
7471.103,0.999963,9983994,27306.67
7475.199,0.999969,9984029,32768.00
7483.391,0.999973,9984077,36408.89
7487.487,0.999976,9984103,40960.00
7491.583,0.999979,9984122,46811.43
7499.775,0.999982,9984166,54613.33
7503.871,0.999985,9984185,65536.00
7507.967,0.999986,9984207,72817.78
7512.063,0.999988,9984237,81920.00
7512.063,0.999989,9984237,93622.86
7516.159,0.999991,9984252,109226.67
7520.255,0.999992,9984277,131072.00
7520.255,0.999993,9984277,145635.56
7520.255,0.999994,9984277,163840.00
7524.351,0.999995,9984309,187245.71
7524.351,0.999995,9984309,218453.33
7524.351,0.999996,9984309,262144.00
7524.351,0.999997,9984309,291271.11
7524.351,0.999997,9984309,327680.00
7524.351,0.999997,9984309,374491.43
7528.447,0.999998,9984338,436906.67
7528.447,1.000000,9984338,inf
