Value,Percentile,TotalCount,1/(1-Percentile)
25.183,0.000000,1,1.00
88.127,0.100000,499425,1.11
152.703,0.200000,1000603,1.25
170.111,0.300000,1498916,1.43
184.831,0.400000,2001366,1.67
198.783,0.500000,2501258,2.00
205.695,0.550000,2746879,2.22
212.991,0.600000,2998269,2.50
220.543,0.650000,3246952,2.86
228.735,0.700000,3496609,3.33
237.823,0.750000,3746384,4.00
242.815,0.775000,3870637,4.44
248.319,0.800000,3996392,5.00
254.463,0.825000,4122304,5.71
261.247,0.850000,4245828,6.67
269.311,0.875000,4370811,8.00
273.919,0.887500,4434017,8.89
279.039,0.900000,4495862,10.00
284.927,0.912500,4558391,11.43
291.583,0.925000,4620227,13.33
299.519,0.937500,4681840,16.00
304.383,0.943750,4714426,17.78
309.503,0.950000,4744714,20.00
315.391,0.956250,4775481,22.86
322.559,0.962500,4807496,26.67
331.007,0.968750,4838677,32.00
335.871,0.971875,4854140,35.56
341.247,0.975000,4869429,40.00
347.647,0.978125,4885216,45.71
355.071,0.981250,4900720,53.33
363.775,0.984375,4916128,64.00
368.895,0.985938,4923838,71.11
374.783,0.987500,4931710,80.00
381.439,0.989062,4939461,91.43
389.375,0.990625,4947347,106.67
398.847,0.992188,4955036,128.00
404.479,0.992969,4958942,142.22
410.879,0.993750,4962784,160.00
418.303,0.994531,4966732,182.86
426.751,0.995313,4970599,213.33
436.991,0.996094,4974465,256.00
443.135,0.996484,4976383,284.44
450.047,0.996875,4978337,320.00
458.495,0.997266,4980305,365.71
467.967,0.997656,4982233,426.67
480.255,0.998047,4984200,512.00
487.423,0.998242,4985153,568.89
496.383,0.998437,4986149,640.00
506.111,0.998633,4987120,731.43
518.143,0.998828,4988081,853.33
532.991,0.999023,4989102,1024.00
540.671,0.999121,4989551,1137.78
550.399,0.999219,4990029,1280.00
560.639,0.999316,4990523,1462.86
572.927,0.999414,4991007,1706.67
585.727,0.999512,4991500,2048.00
591.871,0.999561,4991741,2275.56
599.551,0.999609,4991980,2560.00
608.255,0.999658,4992226,2925.71
617.983,0.999707,4992468,3413.33
626.687,0.999756,4992711,4096.00
631.807,0.999780,4992843,4551.11
636.415,0.999805,4992954,5120.00
641.535,0.999829,4993075,5851.43
647.167,0.999854,4993200,6826.67
653.823,0.999878,4993322,8192.00
656.895,0.999890,4993380,9102.22
659.967,0.999902,4993444,10240.00
663.551,0.999915,4993510,11702.86
666.623,0.999927,4993566,13653.33
669.695,0.999939,4993624,16384.00
671.231,0.999945,4993655,18204.44
672.767,0.999951,4993685,20480.00
675.327,0.999957,4993722,23405.71
676.863,0.999963,4993752,27306.67
677.887,0.999969,4993775,32768.00
679.423,0.999973,4993795,36408.89
680.447,0.999976,4993812,40960.00
681.471,0.999979,4993829,46811.43
682.495,0.999982,4993838,54613.33
684.031,0.999985,4993857,65536.00
684.543,0.999986,4993866,72817.78
685.055,0.999988,4993875,81920.00
685.055,0.999989,4993875,93622.86
685.567,0.999991,4993885,109226.67
686.079,0.999992,4993894,131072.00
686.079,0.999993,4993894,145635.56
686.591,0.999994,4993902,163840.00
686.591,0.999995,4993902,187245.71
687.103,0.999995,4993910,218453.33
687.103,0.999996,4993910,262144.00
687.103,0.999997,4993910,291271.11
687.615,0.999997,4993918,327680.00
687.615,0.999997,4993918,374491.43
687.615,0.999998,4993918,436906.67
687.615,0.999998,4993918,524288.00
688.127,0.999998,4993928,582542.22
688.127,1.000000,4993928,inf
