Value,Percentile,TotalCount,1/(1-Percentile)
48.511,0.000000,1,1.00
95.295,0.100000,499794,1.11
107.839,0.200000,1001059,1.25
117.631,0.300000,1499910,1.43
126.783,0.400000,2002156,1.67
136.447,0.500000,2502840,2.00
141.695,0.550000,2750308,2.22
147.455,0.600000,3002723,2.50
153.471,0.650000,3248748,2.86
160.127,0.700000,3500475,3.33
167.295,0.750000,3748420,4.00
171.263,0.775000,3873400,4.44
175.615,0.800000,3998930,5.00
180.479,0.825000,4124304,5.71
185.983,0.850000,4247687,6.67
192.767,0.875000,4373420,8.00
196.863,0.887500,4436591,8.89
201.471,0.900000,4497495,10.00
207.103,0.912500,4560231,11.43
214.143,0.925000,4622707,13.33
223.231,0.937500,4685302,16.00
228.735,0.943750,4716298,17.78
235.135,0.950000,4747502,20.00
242.559,0.956250,4778778,22.86
251.135,0.962500,4809598,26.67
261.631,0.968750,4840908,32.00
267.775,0.971875,4856770,35.56
274.431,0.975000,4872234,40.00
282.111,0.978125,4887927,45.71
291.071,0.981250,4903648,53.33
301.567,0.984375,4918880,64.00
307.967,0.985938,4926843,71.11
315.135,0.987500,4934686,80.00
323.583,0.989062,4942495,91.43
333.311,0.990625,4950274,106.67
345.343,0.992188,4958045,128.00
352.511,0.992969,4961910,142.22
360.703,0.993750,4965780,160.00
370.431,0.994531,4969688,182.86
381.951,0.995313,4973597,213.33
396.287,0.996094,4977499,256.00
404.479,0.996484,4979417,284.44
414.207,0.996875,4981370,320.00
425.471,0.997266,4983304,365.71
438.527,0.997656,4985255,426.67
454.655,0.998047,4987205,512.00
463.871,0.998242,4988190,568.89
473.855,0.998437,4989157,640.00
485.119,0.998633,4990143,731.43
498.175,0.998828,4991105,853.33
513.279,0.999023,4992077,1024.00
521.471,0.999121,4992569,1137.78
530.431,0.999219,4993054,1280.00
540.671,0.999316,4993556,1462.86
551.423,0.999414,4994045,1706.67
562.175,0.999512,4994519,2048.00
568.831,0.999561,4994769,2275.56
575.999,0.999609,4995008,2560.00
584.191,0.999658,4995262,2925.71
591.871,0.999707,4995507,3413.33
600.575,0.999756,4995748,4096.00
604.671,0.999780,4995864,4551.11
610.815,0.999805,4995985,5120.00
615.935,0.999829,4996108,5851.43
621.055,0.999854,4996226,6826.67
626.687,0.999878,4996355,8192.00
629.247,0.999890,4996410,9102.22
632.319,0.999902,4996487,10240.00
634.367,0.999915,4996534,11702.86
638.463,0.999927,4996597,13653.33
642.047,0.999939,4996663,16384.00
643.583,0.999945,4996691,18204.44
645.119,0.999951,4996719,20480.00
647.167,0.999957,4996754,23405.71
648.191,0.999963,4996787,27306.67
649.727,0.999969,4996804,32768.00
650.751,0.999973,4996831,36408.89
651.263,0.999976,4996843,40960.00
651.775,0.999979,4996851,46811.43
652.799,0.999982,4996867,54613.33
654.335,0.999985,4996890,65536.00
654.335,0.999986,4996890,72817.78
654.847,0.999988,4996898,81920.00
655.359,0.999989,4996903,93622.86
655.871,0.999991,4996911,109226.67
656.895,0.999992,4996922,131072.00
656.895,0.999993,4996922,145635.56
657.407,0.999994,4996931,163840.00
657.407,0.999995,4996931,187245.71
657.919,0.999995,4996942,218453.33
657.919,0.999996,4996942,262144.00
657.919,0.999997,4996942,291271.11
657.919,0.999997,4996942,327680.00
658.431,0.999997,4996948,374491.43
658.431,0.999998,4996948,436906.67
658.431,0.999998,4996948,524288.00
658.431,0.999998,4996948,582542.22
658.943,0.999998,4996960,655360.00
658.943,1.000000,4996960,inf
