Value,Percentile,TotalCount,1/(1-Percentile)
44.863,0.000000,1,1.00
65.023,0.100000,993876,1.11
68.607,0.200000,1998660,1.25
71.743,0.300000,2980569,1.43
75.135,0.400000,3983621,1.67
78.783,0.500000,4980130,2.00
80.767,0.550000,5464150,2.22
83.071,0.600000,5957597,2.50
85.823,0.650000,6458487,2.86
89.023,0.700000,6957673,3.33
92.607,0.750000,7452820,4.00
94.527,0.775000,7699410,4.44
96.575,0.800000,7949536,5.00
98.751,0.825000,8198067,5.71
101.055,0.850000,8442709,6.67
103.615,0.875000,8690467,8.00
105.023,0.887500,8816453,8.89
106.495,0.900000,8938746,10.00
108.095,0.912500,9061137,11.43
109.887,0.925000,9185936,13.33
111.935,0.937500,9310420,16.00
113.087,0.943750,9371605,17.78
114.367,0.950000,9433610,20.00
115.839,0.956250,9497151,22.86
117.439,0.962500,9557545,26.67
119.423,0.968750,9620694,32.00
120.511,0.971875,9650542,35.56
121.791,0.975000,9682051,40.00
123.199,0.978125,9712598,45.71
124.863,0.981250,9743685,53.33
126.847,0.984375,9774784,64.00
127.999,0.985938,9790228,71.11
129.279,0.987500,9805513,80.00
130.751,0.989062,9820614,91.43
132.607,0.990625,9836541,106.67
134.783,0.992188,9852169,128.00
136.063,0.992969,9859739,142.22
137.599,0.993750,9867741,160.00
139.263,0.994531,9875304,182.86
141.183,0.995313,9882631,213.33
143.615,0.996094,9890617,256.00
145.023,0.996484,9894490,284.44
146.559,0.996875,9898239,320.00
148.351,0.997266,9902206,365.71
150.271,0.997656,9906116,426.67
152.319,0.998047,9909899,512.00
153.471,0.998242,9911844,568.89
154.623,0.998437,9913709,640.00
155.903,0.998633,9915587,731.43
157.311,0.998828,9917608,853.33
158.719,0.999023,9919508,1024.00
159.487,0.999121,9920439,1137.78
160.255,0.999219,9921414,1280.00
161.151,0.999316,9922493,1462.86
162.047,0.999414,9923484,1706.67
162.815,0.999512,9924350,2048.00
163.327,0.999561,9924891,2275.56
163.711,0.999609,9925295,2560.00
164.223,0.999658,9925820,2925.71
164.735,0.999707,9926329,3413.33
165.247,0.999756,9926828,4096.00
165.503,0.999780,9927079,4551.11
165.759,0.999805,9927330,5120.00
166.015,0.999829,9927562,5851.43
166.271,0.999854,9927808,6826.67
166.527,0.999878,9928025,8192.00
166.655,0.999890,9928145,9102.22
166.783,0.999902,9928237,10240.00
166.911,0.999915,9928332,11702.86
167.039,0.999927,9928439,13653.33
167.295,0.999939,9928635,16384.00
167.295,0.999945,9928635,18204.44
167.423,0.999951,9928736,20480.00
167.423,0.999957,9928736,23405.71
167.551,0.999963,9928849,27306.67
167.679,0.999969,9928942,32768.00
167.679,0.999973,9928942,36408.89
167.679,0.999976,9928942,40960.00
167.807,0.999979,9929034,46811.43
167.807,0.999982,9929034,54613.33
167.807,0.999985,9929034,65536.00
167.807,0.999986,9929034,72817.78
167.935,0.999988,9929139,81920.00
167.935,0.999989,9929139,93622.86
167.935,0.999991,9929139,109226.67
167.935,0.999992,9929139,131072.00
167.935,0.999993,9929139,145635.56
167.935,0.999994,9929139,163840.00
167.935,0.999995,9929139,187245.71
167.935,0.999995,9929139,218453.33
167.935,0.999996,9929139,262144.00
167.935,0.999997,9929139,291271.11
167.935,0.999997,9929139,327680.00
167.935,0.999997,9929139,374491.43
167.935,0.999998,9929139,436906.67
168.063,0.999998,9929235,524288.00
168.063,1.000000,9929235,inf
