Value,Percentile,TotalCount,1/(1-Percentile)
72.767,0.000000,1,1.00
111.615,0.100000,499865,1.11
123.071,0.200000,998851,1.25
132.223,0.300000,1502145,1.43
142.079,0.400000,1999764,1.67
155.263,0.500000,2498527,2.00
164.223,0.550000,2748308,2.22
173.951,0.600000,2996333,2.50
183.423,0.650000,3246035,2.86
193.151,0.700000,3498075,3.33
203.519,0.750000,3746479,4.00
209.279,0.775000,3869999,4.44
215.679,0.800000,3995838,5.00
222.719,0.825000,4119199,5.71
230.911,0.850000,4244257,6.67
240.767,0.875000,4369640,8.00
246.271,0.887500,4432273,8.89
252.287,0.900000,4494063,10.00
259.327,0.912500,4556926,11.43
268.031,0.925000,4618330,13.33
279.807,0.937500,4681349,16.00
286.463,0.943750,4713077,17.78
293.375,0.950000,4744188,20.00
300.799,0.956250,4774808,22.86
309.759,0.962500,4806131,26.67
321.791,0.968750,4836927,32.00
330.495,0.971875,4852495,35.56
342.783,0.975000,4868094,40.00
356.607,0.978125,4883820,45.71
369.151,0.981250,4899309,53.33
380.927,0.984375,4914848,64.00
387.071,0.985938,4922625,71.11
393.727,0.987500,4930444,80.00
401.407,0.989062,4938395,91.43
409.599,0.990625,4946070,106.67
419.327,0.992188,4953815,128.00
425.215,0.992969,4957806,142.22
431.871,0.993750,4961623,160.00
440.063,0.994531,4965547,182.86
451.071,0.995313,4969416,213.33
469.247,0.996094,4973258,256.00
486.143,0.996484,4975201,284.44
500.735,0.996875,4977155,320.00
510.975,0.997266,4979105,365.71
519.423,0.997656,4981068,426.67
527.359,0.998047,4983081,512.00
530.943,0.998242,4984034,568.89
535.039,0.998437,4985075,640.00
538.623,0.998633,4985970,731.43
542.719,0.998828,4986916,853.33
546.815,0.999023,4987913,1024.00
548.863,0.999121,4988382,1137.78
551.423,0.999219,4988932,1280.00
553.471,0.999316,4989369,1462.86
556.031,0.999414,4989877,1706.67
558.591,0.999512,4990343,2048.00
560.127,0.999561,4990594,2275.56
561.663,0.999609,4990872,2560.00
563.199,0.999658,4991118,2925.71
564.735,0.999707,4991346,3413.33
566.271,0.999756,4991560,4096.00
567.295,0.999780,4991683,4551.11
568.319,0.999805,4991829,5120.00
568.831,0.999829,4991899,5851.43
569.855,0.999854,4992041,6826.67
570.879,0.999878,4992155,8192.00
571.391,0.999890,4992221,9102.22
571.903,0.999902,4992282,10240.00
572.415,0.999915,4992344,11702.86
572.927,0.999927,4992397,13653.33
573.439,0.999939,4992468,16384.00
573.951,0.999945,4992516,18204.44
573.951,0.999951,4992516,20480.00
574.463,0.999957,4992575,23405.71
574.463,0.999963,4992575,27306.67
574.975,0.999969,4992635,32768.00
574.975,0.999973,4992635,36408.89
574.975,0.999976,4992635,40960.00
575.487,0.999979,4992689,46811.43
575.487,0.999982,4992689,54613.33
575.487,0.999985,4992689,65536.00
575.487,0.999986,4992689,72817.78
575.999,0.999988,4992746,81920.00
575.999,0.999989,4992746,93622.86
575.999,0.999991,4992746,109226.67
575.999,0.999992,4992746,131072.00
575.999,0.999993,4992746,145635.56
575.999,0.999994,4992746,163840.00
575.999,0.999995,4992746,187245.71
575.999,0.999995,4992746,218453.33
575.999,0.999996,4992746,262144.00
575.999,0.999997,4992746,291271.11
575.999,0.999997,4992746,327680.00
575.999,0.999997,4992746,374491.43
575.999,0.999998,4992746,436906.67
575.999,0.999998,4992746,524288.00
575.999,0.999998,4992746,582542.22
575.999,0.999998,4992746,655360.00
575.999,0.999999,4992746,748982.86
576.511,0.999999,4992816,873813.33
576.511,1.000000,4992816,inf
