Value,Percentile,TotalCount,1/(1-Percentile)
35.359,0.000000,1,1.00
60.607,0.100000,500543,1.11
72.319,0.200000,1003048,1.25
79.359,0.300000,1503126,1.43
85.695,0.400000,2002519,1.67
94.079,0.500000,2501483,2.00
99.327,0.550000,2750622,2.22
104.895,0.600000,3002235,2.50
110.655,0.650000,3250969,2.86
116.927,0.700000,3500898,3.33
124.159,0.750000,3750201,4.00
128.511,0.775000,3875886,4.44
133.631,0.800000,4001433,5.00
139.519,0.825000,4125008,5.71
146.431,0.850000,4250487,6.67
154.495,0.875000,4375543,8.00
159.103,0.887500,4437071,8.89
164.351,0.900000,4499650,10.00
170.495,0.912500,4562765,11.43
177.791,0.925000,4624244,13.33
187.519,0.937500,4687280,16.00
193.407,0.943750,4718416,17.78
200.191,0.950000,4749456,20.00
207.743,0.956250,4780485,22.86
215.807,0.962500,4811890,26.67
224.639,0.968750,4843326,32.00
229.503,0.971875,4858824,35.56
234.751,0.975000,4874417,40.00
240.383,0.978125,4889925,45.71
246.399,0.981250,4905454,53.33
253.183,0.984375,4921091,64.00
256.895,0.985938,4928935,71.11
260.863,0.987500,4936686,80.00
265.215,0.989062,4944481,91.43
270.335,0.990625,4952337,106.67
276.479,0.992188,4960178,128.00
280.063,0.992969,4964012,142.22
284.415,0.993750,4968109,160.00
289.279,0.994531,4971956,182.86
295.423,0.995313,4975811,213.33
303.359,0.996094,4979681,256.00
308.735,0.996484,4981634,284.44
316.159,0.996875,4983565,320.00
326.655,0.997266,4985499,365.71
344.831,0.997656,4987434,426.67
365.311,0.998047,4989389,512.00
375.039,0.998242,4990375,568.89
383.743,0.998437,4991358,640.00
391.423,0.998633,4992318,731.43
399.103,0.998828,4993304,853.33
406.527,0.999023,4994288,1024.00
410.111,0.999121,4994782,1137.78
413.439,0.999219,4995247,1280.00
417.023,0.999316,4995741,1462.86
421.119,0.999414,4996242,1706.67
425.215,0.999512,4996724,2048.00
427.519,0.999561,4996967,2275.56
430.335,0.999609,4997213,2560.00
432.639,0.999658,4997457,2925.71
434.943,0.999707,4997709,3413.33
437.759,0.999756,4997931,4096.00
439.295,0.999780,4998050,4551.11
440.831,0.999805,4998181,5120.00
442.367,0.999829,4998310,5851.43
443.903,0.999854,4998416,6826.67
445.695,0.999878,4998537,8192.00
446.719,0.999890,4998611,9102.22
447.743,0.999902,4998675,10240.00
448.511,0.999915,4998725,11702.86
449.279,0.999927,4998784,13653.33
450.303,0.999939,4998849,16384.00
450.815,0.999945,4998879,18204.44
451.327,0.999951,4998903,20480.00
452.095,0.999957,4998939,23405.71
452.863,0.999963,4998973,27306.67
453.375,0.999969,4999009,32768.00
453.631,0.999973,4999021,36408.89
453.887,0.999976,4999031,40960.00
454.143,0.999979,4999048,46811.43
454.399,0.999982,4999063,54613.33
454.655,0.999985,4999073,65536.00
454.911,0.999986,4999087,72817.78
454.911,0.999988,4999087,81920.00
455.167,0.999989,4999094,93622.86
455.423,0.999991,4999104,109226.67
455.679,0.999992,4999113,131072.00
455.679,0.999993,4999113,145635.56
455.935,0.999994,4999125,163840.00
455.935,0.999995,4999125,187245.71
455.935,0.999995,4999125,218453.33
456.191,0.999996,4999136,262144.00
456.191,0.999997,4999136,291271.11
456.191,0.999997,4999136,327680.00
456.191,0.999997,4999136,374491.43
456.191,0.999998,4999136,436906.67
456.447,0.999998,4999145,524288.00
456.447,0.999998,4999145,582542.22
456.447,0.999998,4999145,655360.00
456.447,0.999999,4999145,748982.86
456.447,0.999999,4999145,873813.33
456.447,0.999999,4999145,1048576.00
456.447,0.999999,4999145,1165084.44
456.447,0.999999,4999145,1310720.00
456.447,0.999999,4999145,1497965.71
456.447,0.999999,4999145,1747626.67
456.447,1.000000,4999145,2097152.00
456.447,1.000000,4999145,2330168.89
456.703,1.000000,4999155,2621440.00
456.703,1.000000,4999155,inf
