Value,Percentile,TotalCount,1/(1-Percentile)
24.399,0.000000,1,1.00
88.639,0.100000,949121,1.11
96.767,0.200000,1900723,1.25
107.455,0.300000,2848485,1.43
118.847,0.400000,3793128,1.67
125.951,0.500000,4745081,2.00
129.279,0.550000,5219938,2.22
133.119,0.600000,5692071,2.50
138.239,0.650000,6164897,2.86
145.663,0.700000,6637634,3.33
156.287,0.750000,7111671,4.00
162.943,0.775000,7347056,4.44
171.391,0.800000,7585757,5.00
180.607,0.825000,7821877,5.71
187.647,0.850000,8061976,6.67
193.407,0.875000,8298432,8.00
196.223,0.887500,8413807,8.89
199.423,0.900000,8533984,10.00
203.007,0.912500,8650830,11.43
207.487,0.925000,8768317,13.33
213.759,0.937500,8888236,16.00
217.983,0.943750,8947265,17.78
223.615,0.950000,9006074,20.00
231.679,0.956250,9065021,22.86
243.071,0.962500,9123837,26.67
253.055,0.968750,9183542,32.00
257.023,0.971875,9212737,35.56
260.991,0.975000,9242793,40.00
265.215,0.978125,9273226,45.71
269.823,0.981250,9302103,53.33
275.967,0.984375,9331617,64.00
280.063,0.985938,9346545,71.11
285.183,0.987500,9360773,80.00
292.351,0.989062,9375694,91.43
301.567,0.990625,9390397,106.67
311.807,0.992188,9405374,128.00
316.671,0.992969,9412809,142.22
321.535,0.993750,9420258,160.00
326.399,0.994531,9427392,182.86
332.031,0.995313,9434920,213.33
338.431,0.996094,9442190,256.00
342.271,0.996484,9445974,284.44
346.367,0.996875,9449779,320.00
350.463,0.997266,9453375,365.71
355.071,0.997656,9456982,426.67
359.935,0.998047,9460673,512.00
362.495,0.998242,9462524,568.89
365.311,0.998437,9464409,640.00
368.383,0.998633,9466284,731.43
371.711,0.998828,9468141,853.33
375.295,0.999023,9469929,1024.00
377.343,0.999121,9470888,1137.78
379.391,0.999219,9471789,1280.00
381.695,0.999316,9472692,1462.86
384.255,0.999414,9473645,1706.67
386.815,0.999512,9474542,2048.00
388.351,0.999561,9475026,2275.56
389.887,0.999609,9475482,2560.00
391.423,0.999658,9475947,2925.71
392.959,0.999707,9476390,3413.33
394.495,0.999756,9476852,4096.00
395.519,0.999780,9477104,4551.11
396.287,0.999805,9477321,5120.00
397.311,0.999829,9477569,5851.43
398.335,0.999854,9477815,6826.67
399.103,0.999878,9478015,8192.00
399.615,0.999890,9478141,9102.22
400.127,0.999902,9478257,10240.00
400.639,0.999915,9478392,11702.86
401.151,0.999927,9478507,13653.33
401.663,0.999939,9478633,16384.00
401.919,0.999945,9478699,18204.44
401.919,0.999951,9478699,20480.00
402.175,0.999957,9478778,23405.71
402.431,0.999963,9478837,27306.67
402.687,0.999969,9478894,32768.00
402.943,0.999973,9478958,36408.89
402.943,0.999976,9478958,40960.00
402.943,0.999979,9478958,46811.43
403.199,0.999982,9479010,54613.33
403.455,0.999985,9479068,65536.00
403.455,0.999986,9479068,72817.78
403.455,0.999988,9479068,81920.00
403.455,0.999989,9479068,93622.86
403.711,0.999991,9479119,109226.67
403.711,0.999992,9479119,131072.00
403.711,0.999993,9479119,145635.56
403.711,0.999994,9479119,163840.00
403.711,0.999995,9479119,187245.71
403.711,0.999995,9479119,218453.33
403.711,0.999996,9479119,262144.00
403.967,0.999997,9479172,291271.11
403.967,1.000000,9479172,inf
