Value,Percentile,TotalCount,1/(1-Percentile)
39.679,0.000000,1,1.00
66.175,0.100000,50275,1.11
76.031,0.200000,100153,1.25
83.263,0.300000,150017,1.43
88.191,0.400000,200210,1.67
92.863,0.500000,250179,2.00
95.295,0.550000,274668,2.22
98.047,0.600000,299989,2.50
101.183,0.650000,324949,2.86
105.023,0.700000,349676,3.33
110.143,0.750000,374719,4.00
113.535,0.775000,387161,4.44
117.951,0.800000,399620,5.00
123.583,0.825000,411992,5.71
130.559,0.850000,424498,6.67
139.519,0.875000,437088,8.00
144.511,0.887500,443321,8.89
149.503,0.900000,449419,10.00
154.495,0.912500,455692,11.43
159.487,0.925000,462033,13.33
164.991,0.937500,468206,16.00
168.191,0.943750,471337,17.78
172.031,0.950000,474397,20.00
176.895,0.956250,477564,22.86
183.423,0.962500,480660,26.67
192.255,0.968750,483773,32.00
197.375,0.971875,485311,35.56
203.647,0.975000,486891,40.00
210.943,0.978125,488432,45.71
218.623,0.981250,489998,53.33
226.303,0.984375,491577,64.00
230.271,0.985938,492350,71.11
234.623,0.987500,493126,80.00
239.743,0.989062,493894,91.43
245.631,0.990625,494684,106.67
254.975,0.992188,495456,128.00
260.607,0.992969,495851,142.22
267.007,0.993750,496244,160.00
274.175,0.994531,496624,182.86
283.391,0.995313,497015,213.33
296.703,0.996094,497403,256.00
305.151,0.996484,497608,284.44
314.111,0.996875,497798,320.00
325.631,0.997266,497988,365.71
337.151,0.997656,498184,426.67
351.487,0.998047,498379,512.00
359.935,0.998242,498484,568.89
368.127,0.998437,498574,640.00
379.647,0.998633,498671,731.43
392.703,0.998828,498769,853.33
406.271,0.999023,498869,1024.00
413.439,0.999121,498915,1137.78
420.863,0.999219,498963,1280.00
430.847,0.999316,499012,1462.86
443.391,0.999414,499061,1706.67
459.007,0.999512,499112,2048.00
464.639,0.999561,499134,2275.56
471.551,0.999609,499158,2560.00
478.463,0.999658,499183,2925.71
491.263,0.999707,499207,3413.33
507.391,0.999756,499232,4096.00
517.119,0.999780,499244,4551.11
522.495,0.999805,499257,5120.00
536.063,0.999829,499268,5851.43
549.375,0.999854,499280,6826.67
578.047,0.999878,499293,8192.00
589.823,0.999890,499299,9102.22
603.135,0.999902,499305,10240.00
616.447,0.999915,499311,11702.86
626.175,0.999927,499317,13653.33
635.391,0.999939,499323,16384.00
647.167,0.999945,499326,18204.44
653.311,0.999951,499329,20480.00
664.063,0.999957,499332,23405.71
669.695,0.999963,499335,27306.67
676.351,0.999969,499338,32768.00
701.439,0.999973,499340,36408.89
701.951,0.999976,499341,40960.00
717.311,0.999979,499344,46811.43
717.311,0.999982,499344,54613.33
724.479,0.999985,499346,65536.00
747.519,0.999986,499347,72817.78
747.519,0.999988,499347,81920.00
762.879,0.999989,499348,93622.86
763.391,0.999991,499349,109226.67
778.239,0.999992,499350,131072.00
778.239,0.999993,499350,145635.56
778.239,0.999994,499350,163840.00
824.319,0.999995,499351,187245.71
824.319,0.999995,499351,218453.33
825.855,0.999996,499352,262144.00
825.855,0.999997,499352,291271.11
825.855,0.999997,499352,327680.00
825.855,0.999997,499352,374491.43
825.855,0.999998,499352,436906.67
827.391,0.999998,499353,524288.00
827.391,1.000000,499353,inf
