Value,Percentile,TotalCount,1/(1-Percentile)
43.295,0.000000,1,1.00
79.103,0.100000,998886,1.11
87.231,0.200000,2003226,1.25
93.375,0.300000,3001073,1.43
99.071,0.400000,3995637,1.67
104.895,0.500000,4992937,2.00
108.095,0.550000,5488698,2.22
111.743,0.600000,5988793,2.50
116.095,0.650000,6488600,2.86
121.535,0.700000,6985526,3.33
128.895,0.750000,7487246,4.00
133.631,0.775000,7737177,4.44
139.519,0.800000,7985305,5.00
147.327,0.825000,8235868,5.71
158.335,0.850000,8482151,6.67
178.175,0.875000,8732393,8.00
198.271,0.887500,8856573,8.89
276.735,0.900000,8981072,10.00
859.135,0.912500,9105779,11.43
1084.415,0.925000,9231406,13.33
1195.007,0.937500,9356964,16.00
1222.655,0.943750,9419298,17.78
1275.903,0.950000,9480354,20.00
1745.919,0.956250,9542403,22.86
1958.911,0.962500,9604851,26.67
2138.111,0.968750,9668572,32.00
2160.639,0.971875,9699711,35.56
2209.791,0.975000,9730166,40.00
2316.287,0.978125,9760877,45.71
2861.055,0.981250,9791958,53.33
3172.351,0.984375,9823088,64.00
3198.975,0.985938,9839053,71.11
3227.647,0.987500,9854627,80.00
3323.903,0.989062,9869858,91.43
3805.183,0.990625,9885397,106.67
4124.671,0.992188,9901051,128.00
4255.743,0.992969,9909247,142.22
4296.703,0.993750,9916825,160.00
4374.527,0.994531,9924975,182.86
4423.679,0.995313,9932178,213.33
4878.335,0.996094,9939953,256.00
5087.231,0.996484,9943944,284.44
5197.823,0.996875,9947773,320.00
5332.991,0.997266,9951688,365.71
5423.103,0.997656,9955776,426.67
5459.967,0.998047,9959791,512.00
5480.447,0.998242,9961662,568.89
5513.215,0.998437,9963450,640.00
5738.495,0.998633,9965294,731.43
6037.503,0.998828,9967244,853.33
6197.247,0.999023,9969252,1024.00
6250.495,0.999121,9970216,1137.78
6373.375,0.999219,9971197,1280.00
6410.239,0.999316,9972106,1462.86
6455.295,0.999414,9973109,1706.67
6492.159,0.999512,9974143,2048.00
6500.351,0.999561,9974578,2275.56
6512.639,0.999609,9975223,2560.00
6520.831,0.999658,9975712,2925.71
6529.023,0.999707,9976141,3413.33
6537.215,0.999756,9976553,4096.00
6541.311,0.999780,9976746,4551.11
6549.503,0.999805,9977124,5120.00
6553.599,0.999829,9977253,5851.43
6561.791,0.999854,9977531,6826.67
6569.983,0.999878,9977760,8192.00
6574.079,0.999890,9977856,9102.22
6582.271,0.999902,9977999,10240.00
6590.463,0.999915,9978118,11702.86
6598.655,0.999927,9978202,13653.33
6615.039,0.999939,9978319,16384.00
6631.423,0.999945,9978379,18204.44
6647.807,0.999951,9978440,20480.00
6668.287,0.999957,9978509,23405.71
6692.863,0.999963,9978571,27306.67
6721.535,0.999969,9978626,32768.00
6733.823,0.999973,9978652,36408.89
6754.303,0.999976,9978687,40960.00
6774.783,0.999979,9978717,46811.43
6791.167,0.999982,9978746,54613.33
6811.647,0.999985,9978785,65536.00
6815.743,0.999986,9978792,72817.78
6823.935,0.999988,9978814,81920.00
6832.127,0.999989,9978824,93622.86
6836.223,0.999991,9978843,109226.67
6840.319,0.999992,9978855,131072.00
6844.415,0.999993,9978865,145635.56
6848.511,0.999994,9978870,163840.00
6852.607,0.999995,9978878,187245.71
6856.703,0.999995,9978890,218453.33
6856.703,0.999996,9978890,262144.00
6860.799,0.999997,9978903,291271.11
6860.799,0.999997,9978903,327680.00
6860.799,0.999997,9978903,374491.43
6864.895,0.999998,9978918,436906.67
6864.895,0.999998,9978918,524288.00
6864.895,0.999998,9978918,582542.22
6864.895,0.999998,9978918,655360.00
6864.895,0.999999,9978918,748982.86
6864.895,0.999999,9978918,873813.33
6864.895,0.999999,9978918,1048576.00
6864.895,0.999999,9978918,1165084.44
6868.991,0.999999,9978928,1310720.00
6868.991,1.000000,9978928,inf
