Value,Percentile,TotalCount,1/(1-Percentile)
58.943,0.000000,1,1.00
82.239,0.100000,5034,1.11
87.679,0.200000,10046,1.25
92.799,0.300000,15054,1.43
98.239,0.400000,20019,1.67
104.895,0.500000,25027,2.00
108.799,0.550000,27532,2.22
113.151,0.600000,30041,2.50
118.079,0.650000,32544,2.86
123.647,0.700000,35041,3.33
129.983,0.750000,37531,4.00
133.631,0.775000,38800,4.44
137.599,0.800000,40048,5.00
141.951,0.825000,41291,5.71
146.943,0.850000,42538,6.67
152.447,0.875000,43789,8.00
155.519,0.887500,44404,8.89
159.615,0.900000,45036,10.00
164.095,0.912500,45665,11.43
169.215,0.925000,46286,13.33
175.359,0.937500,46906,16.00
179.199,0.943750,47225,17.78
183.423,0.950000,47538,20.00
188.031,0.956250,47843,22.86
193.407,0.962500,48156,26.67
200.063,0.968750,48470,32.00
204.671,0.971875,48633,35.56
209.407,0.975000,48784,40.00
215.039,0.978125,48937,45.71
223.231,0.981250,49093,53.33
235.903,0.984375,49250,64.00
243.583,0.985938,49328,71.11
256.895,0.987500,49406,80.00
270.591,0.989062,49486,91.43
284.415,0.990625,49562,106.67
298.751,0.992188,49641,128.00
306.431,0.992969,49682,142.22
315.135,0.993750,49719,160.00
324.607,0.994531,49758,182.86
335.615,0.995313,49797,213.33
343.295,0.996094,49836,256.00
350.207,0.996484,49856,284.44
358.655,0.996875,49875,320.00
368.639,0.997266,49896,365.71
376.575,0.997656,49915,426.67
385.535,0.998047,49934,512.00
393.727,0.998242,49944,568.89
405.503,0.998437,49953,640.00
416.511,0.998633,49963,731.43
421.887,0.998828,49973,853.33
431.103,0.999023,49983,1024.00
442.367,0.999121,49988,1137.78
445.439,0.999219,49992,1280.00
450.815,0.999316,49997,1462.86
455.679,0.999414,50002,1706.67
467.711,0.999512,50007,2048.00
471.295,0.999561,50010,2275.56
474.367,0.999609,50012,2560.00
478.975,0.999658,50014,2925.71
484.863,0.999707,50017,3413.33
493.311,0.999756,50019,4096.00
498.431,0.999780,50021,4551.11
499.199,0.999805,50022,5120.00
502.783,0.999829,50023,5851.43
508.159,0.999854,50024,6826.67
525.823,0.999878,50025,8192.00
526.847,0.999890,50026,9102.22
529.919,0.999902,50027,10240.00
529.919,0.999915,50027,11702.86
538.623,0.999927,50028,13653.33
538.623,0.999939,50028,16384.00
539.135,0.999945,50029,18204.44
539.135,0.999951,50029,20480.00
539.135,0.999957,50029,23405.71
541.183,0.999963,50030,27306.67
541.183,0.999969,50030,32768.00
541.183,0.999973,50030,36408.89
541.183,0.999976,50030,40960.00
541.183,0.999979,50030,46811.43
547.327,0.999982,50031,54613.33
547.327,1.000000,50031,inf
