Value,Percentile,TotalCount,1/(1-Percentile)
48.799,0.000000,1,1.00
96.255,0.100000,500772,1.11
110.783,0.200000,999382,1.25
123.071,0.300000,1499849,1.43
133.759,0.400000,2001633,1.67
144.255,0.500000,2500597,2.00
150.015,0.550000,2752170,2.22
156.287,0.600000,2999653,2.50
163.455,0.650000,3247649,2.86
172.159,0.700000,3497982,3.33
183.295,0.750000,3748491,4.00
190.463,0.775000,3873853,4.44
199.167,0.800000,3997598,5.00
210.303,0.825000,4121807,5.71
225.151,0.850000,4247436,6.67
244.223,0.875000,4372222,8.00
255.615,0.887500,4434161,8.89
268.543,0.900000,4497179,10.00
282.879,0.912500,4559302,11.43
299.263,0.925000,4621330,13.33
319.231,0.937500,4684288,16.00
331.007,0.943750,4715340,17.78
344.831,0.950000,4746624,20.00
361.727,0.956250,4777599,22.86
384.511,0.962500,4808659,26.67
419.583,0.968750,4839956,32.00
447.231,0.971875,4855454,35.56
489.727,0.975000,4871121,40.00
559.615,0.978125,4886755,45.71
684.543,0.981250,4902312,53.33
890.879,0.984375,4917924,64.00
1014.783,0.985938,4925735,71.11
1124.351,0.987500,4933588,80.00
1191.935,0.989062,4941487,91.43
1233.919,0.990625,4949153,106.67
1283.071,0.992188,4956994,128.00
1328.127,0.992969,4960878,142.22
1415.167,0.993750,4964742,160.00
1581.055,0.994531,4968649,182.86
1814.527,0.995313,4972546,213.33
2022.399,0.996094,4976447,256.00
2131.967,0.996484,4978437,284.44
2205.695,0.996875,4980391,320.00
2260.991,0.997266,4982303,365.71
2312.191,0.997656,4984255,426.67
2383.871,0.998047,4986235,512.00
2455.551,0.998242,4987205,568.89
2562.047,0.998437,4988158,640.00
2705.407,0.998633,4989141,731.43
2865.151,0.998828,4990110,853.33
3008.511,0.999023,4991087,1024.00
3078.143,0.999121,4991582,1137.78
3147.775,0.999219,4992069,1280.00
3213.311,0.999316,4992555,1462.86
3278.847,0.999414,4993041,1706.67
3325.951,0.999512,4993523,2048.00
3352.575,0.999561,4993787,2275.56
3375.103,0.999609,4994019,2560.00
3401.727,0.999658,4994267,2925.71
3426.303,0.999707,4994500,3413.33
3459.071,0.999756,4994757,4096.00
3475.455,0.999780,4994868,4551.11
3495.935,0.999805,4994994,5120.00
3518.463,0.999829,4995112,5851.43
3545.087,0.999854,4995232,6826.67
3575.807,0.999878,4995354,8192.00
3594.239,0.999890,4995419,9102.22
3612.671,0.999902,4995476,10240.00
3629.055,0.999915,4995540,11702.86
3651.583,0.999927,4995602,13653.33
3676.159,0.999939,4995660,16384.00
3696.639,0.999945,4995692,18204.44
3708.927,0.999951,4995719,20480.00
3723.263,0.999957,4995751,23405.71
3737.599,0.999963,4995780,27306.67
3751.935,0.999969,4995813,32768.00
3760.127,0.999973,4995826,36408.89
3768.319,0.999976,4995841,40960.00
3778.559,0.999979,4995858,46811.43
3784.703,0.999982,4995875,54613.33
3792.895,0.999985,4995887,65536.00
3796.991,0.999986,4995894,72817.78
3799.039,0.999988,4995903,81920.00
3803.135,0.999989,4995909,93622.86
3807.231,0.999991,4995918,109226.67
3811.327,0.999992,4995925,131072.00
3813.375,0.999993,4995928,145635.56
3815.423,0.999994,4995935,163840.00
3817.471,0.999995,4995936,187245.71
3821.567,0.999995,4995944,218453.33
3821.567,0.999996,4995944,262144.00
3825.663,0.999997,4995950,291271.11
3825.663,0.999997,4995950,327680.00
3825.663,0.999997,4995950,374491.43
3827.711,0.999998,4995955,436906.67
3827.711,0.999998,4995955,524288.00
3827.711,0.999998,4995955,582542.22
3827.711,0.999998,4995955,655360.00
3829.759,0.999999,4995958,748982.86
3829.759,0.999999,4995958,873813.33
3829.759,0.999999,4995958,1048576.00
3829.759,0.999999,4995958,1165084.44
3831.807,0.999999,4995965,1310720.00
3831.807,1.000000,4995965,inf
