Value,Percentile,TotalCount,1/(1-Percentile)
44.767,0.000000,1,1.00
64.031,0.100000,995133,1.11
67.583,0.200000,1994000,1.25
70.783,0.300000,2993333,1.43
74.047,0.400000,3991779,1.67
77.503,0.500000,4970821,2.00
79.487,0.550000,5477737,2.22
81.663,0.600000,5971193,2.50
84.223,0.650000,6470264,2.86
87.231,0.700000,6962256,3.33
90.815,0.750000,7459791,4.00
92.799,0.775000,7708596,4.44
94.847,0.800000,7950451,5.00
97.087,0.825000,8200220,5.71
99.519,0.850000,8451621,6.67
102.143,0.875000,8696654,8.00
103.615,0.887500,8822913,8.89
105.151,0.900000,8946400,10.00
106.815,0.912500,9070413,11.43
108.671,0.925000,9195909,13.33
110.719,0.937500,9318951,16.00
111.871,0.943750,9380274,17.78
113.151,0.950000,9441778,20.00
114.623,0.956250,9505242,22.86
116.287,0.962500,9566961,26.67
118.207,0.968750,9627536,32.00
119.359,0.971875,9659119,35.56
120.639,0.975000,9690271,40.00
122.047,0.978125,9720331,45.71
123.775,0.981250,9751912,53.33
125.823,0.984375,9783096,64.00
126.975,0.985938,9798062,71.11
128.319,0.987500,9813529,80.00
129.855,0.989062,9828856,91.43
131.711,0.990625,9844721,106.67
133.887,0.992188,9860204,128.00
135.167,0.992969,9867986,142.22
136.703,0.993750,9876064,160.00
138.367,0.994531,9883553,182.86
140.287,0.995313,9891231,213.33
142.591,0.996094,9898765,256.00
143.999,0.996484,9902810,284.44
145.407,0.996875,9906564,320.00
147.071,0.997266,9910584,365.71
148.863,0.997656,9914477,426.67
150.783,0.998047,9918243,512.00
151.807,0.998242,9920097,568.89
152.959,0.998437,9922074,640.00
154.111,0.998633,9924009,731.43
155.391,0.998828,9925993,853.33
156.671,0.999023,9927875,1024.00
157.439,0.999121,9928960,1137.78
158.079,0.999219,9929817,1280.00
158.847,0.999316,9930880,1462.86
159.487,0.999414,9931731,1706.67
160.383,0.999512,9932817,2048.00
160.767,0.999561,9933274,2275.56
161.151,0.999609,9933741,2560.00
161.535,0.999658,9934178,2925.71
162.047,0.999707,9934698,3413.33
162.559,0.999756,9935275,4096.00
162.687,0.999780,9935423,4551.11
162.943,0.999805,9935698,5120.00
163.199,0.999829,9935963,5851.43
163.327,0.999854,9936095,6826.67
163.583,0.999878,9936334,8192.00
163.711,0.999890,9936465,9102.22
163.839,0.999902,9936606,10240.00
163.967,0.999915,9936748,11702.86
164.095,0.999927,9936869,13653.33
164.223,0.999939,9936970,16384.00
164.351,0.999945,9937097,18204.44
164.351,0.999951,9937097,20480.00
164.479,0.999957,9937218,23405.71
164.479,0.999963,9937218,27306.67
164.607,0.999969,9937332,32768.00
164.607,0.999973,9937332,36408.89
164.607,0.999976,9937332,40960.00
164.735,0.999979,9937440,46811.43
164.735,0.999982,9937440,54613.33
164.735,0.999985,9937440,65536.00
164.735,0.999986,9937440,72817.78
164.735,0.999988,9937440,81920.00
164.735,0.999989,9937440,93622.86
164.863,0.999991,9937559,109226.67
164.863,1.000000,9937559,inf
