Value,Percentile,TotalCount,1/(1-Percentile)
31.679,0.000000,1,1.00
59.999,0.100000,501120,1.11
67.455,0.200000,1003229,1.25
74.751,0.300000,1499400,1.43
80.383,0.400000,2002188,1.67
85.119,0.500000,2504651,2.00
87.487,0.550000,2753468,2.22
90.047,0.600000,3000554,2.50
92.991,0.650000,3248610,2.86
96.703,0.700000,3500377,3.33
101.631,0.750000,3747922,4.00
104.959,0.775000,3873738,4.44
108.991,0.800000,3997403,5.00
114.047,0.825000,4123386,5.71
120.127,0.850000,4247501,6.67
127.743,0.875000,4372536,8.00
132.479,0.887500,4435318,8.89
137.983,0.900000,4497917,10.00
144.511,0.912500,4559447,11.43
152.319,0.925000,4622123,13.33
161.023,0.937500,4684383,16.00
166.143,0.943750,4715824,17.78
172.159,0.950000,4746777,20.00
179.967,0.956250,4778202,22.86
190.719,0.962500,4809481,26.67
204.799,0.968750,4840528,32.00
212.991,0.971875,4856213,35.56
221.567,0.975000,4871913,40.00
230.015,0.978125,4887343,45.71
238.975,0.981250,4903074,53.33
248.447,0.984375,4918682,64.00
253.567,0.985938,4926523,71.11
258.815,0.987500,4934145,80.00
264.959,0.989062,4942144,91.43
271.615,0.990625,4949799,106.67
280.063,0.992188,4957621,128.00
285.439,0.992969,4961463,142.22
291.839,0.993750,4965389,160.00
299.263,0.994531,4969301,182.86
309.247,0.995313,4973223,213.33
321.791,0.996094,4977091,256.00
329.983,0.996484,4979092,284.44
338.943,0.996875,4981010,320.00
348.927,0.997266,4982953,365.71
359.935,0.997656,4984884,426.67
372.223,0.998047,4986858,512.00
378.367,0.998242,4987831,568.89
384.767,0.998437,4988779,640.00
391.423,0.998633,4989754,731.43
398.335,0.998828,4990757,853.33
405.503,0.999023,4991725,1024.00
409.343,0.999121,4992215,1137.78
413.183,0.999219,4992684,1280.00
417.535,0.999316,4993177,1462.86
421.887,0.999414,4993662,1706.67
426.239,0.999512,4994172,2048.00
428.543,0.999561,4994399,2275.56
430.847,0.999609,4994634,2560.00
433.663,0.999658,4994880,2925.71
436.991,0.999707,4995125,3413.33
439.551,0.999756,4995364,4096.00
441.087,0.999780,4995486,4551.11
442.879,0.999805,4995627,5120.00
444.415,0.999829,4995746,5851.43
445.951,0.999854,4995853,6826.67
447.487,0.999878,4995977,8192.00
448.511,0.999890,4996045,9102.22
449.535,0.999902,4996112,10240.00
450.303,0.999915,4996168,11702.86
451.327,0.999927,4996238,13653.33
452.095,0.999939,4996289,16384.00
452.351,0.999945,4996314,18204.44
452.863,0.999951,4996344,20480.00
453.375,0.999957,4996383,23405.71
453.631,0.999963,4996401,27306.67
454.399,0.999969,4996447,32768.00
454.399,0.999973,4996447,36408.89
454.911,0.999976,4996479,40960.00
454.911,0.999979,4996479,46811.43
455.167,0.999982,4996496,54613.33
455.423,0.999985,4996511,65536.00
455.679,0.999986,4996521,72817.78
455.935,0.999988,4996540,81920.00
455.935,0.999989,4996540,93622.86
455.935,0.999991,4996540,109226.67
456.191,0.999992,4996567,131072.00
456.191,0.999993,4996567,145635.56
456.191,0.999994,4996567,163840.00
456.191,0.999995,4996567,187245.71
456.191,0.999995,4996567,218453.33
456.191,0.999996,4996567,262144.00
456.191,0.999997,4996567,291271.11
456.447,0.999997,4996587,327680.00
456.447,1.000000,4996587,inf
