Value,Percentile,TotalCount,1/(1-Percentile)
24.703,0.000000,1,1.00
109.823,0.100000,501590,1.11
119.359,0.200000,1000631,1.25
126.591,0.300000,1500508,1.43
134.015,0.400000,1998297,1.67
143.359,0.500000,2497110,2.00
150.143,0.550000,2746459,2.22
160.255,0.600000,2997073,2.50
174.335,0.650000,3246256,2.86
189.695,0.700000,3496994,3.33
203.135,0.750000,3746580,4.00
209.663,0.775000,3871781,4.44
216.063,0.800000,3995844,5.00
222.591,0.825000,4121674,5.71
229.375,0.850000,4244824,6.67
237.055,0.875000,4369406,8.00
241.535,0.887500,4432881,8.89
246.527,0.900000,4494482,10.00
252.543,0.912500,4556490,11.43
260.223,0.925000,4619333,13.33
270.591,0.937500,4681195,16.00
277.503,0.943750,4712696,17.78
285.695,0.950000,4744333,20.00
294.911,0.956250,4774764,22.86
306.431,0.962500,4806447,26.67
321.535,0.968750,4837265,32.00
331.775,0.971875,4852803,35.56
343.039,0.975000,4868661,40.00
353.279,0.978125,4884143,45.71
363.519,0.981250,4899791,53.33
375.295,0.984375,4915286,64.00
382.463,0.985938,4923118,71.11
389.887,0.987500,4930804,80.00
398.591,0.989062,4938733,91.43
408.575,0.990625,4946424,106.67
421.887,0.992188,4954231,128.00
430.591,0.992969,4958108,142.22
440.575,0.993750,4961967,160.00
453.119,0.994531,4965889,182.86
467.967,0.995313,4969762,213.33
484.863,0.996094,4973664,256.00
494.335,0.996484,4975629,284.44
504.063,0.996875,4977575,320.00
513.535,0.997266,4979502,365.71
523.519,0.997656,4981474,426.67
534.527,0.998047,4983423,512.00
540.671,0.998242,4984439,568.89
546.815,0.998437,4985390,640.00
553.471,0.998633,4986341,731.43
561.151,0.998828,4987318,853.33
569.343,0.999023,4988271,1024.00
573.951,0.999121,4988764,1137.78
578.559,0.999219,4989253,1280.00
583.679,0.999316,4989754,1462.86
588.799,0.999414,4990225,1706.67
594.431,0.999512,4990730,2048.00
597.503,0.999561,4990974,2275.56
600.575,0.999609,4991237,2560.00
603.647,0.999658,4991452,2925.71
606.719,0.999707,4991681,3413.33
610.303,0.999756,4991962,4096.00
612.351,0.999780,4992063,4551.11
614.399,0.999805,4992185,5120.00
616.447,0.999829,4992316,5851.43
617.983,0.999854,4992415,6826.67
620.543,0.999878,4992568,8192.00
621.055,0.999890,4992600,9102.22
622.079,0.999902,4992666,10240.00
623.103,0.999915,4992723,11702.86
624.127,0.999927,4992789,13653.33
625.151,0.999939,4992845,16384.00
626.175,0.999945,4992905,18204.44
626.175,0.999951,4992905,20480.00
626.687,0.999957,4992939,23405.71
627.199,0.999963,4992962,27306.67
627.711,0.999969,4992998,32768.00
628.223,0.999973,4993023,36408.89
628.223,0.999976,4993023,40960.00
628.735,0.999979,4993056,46811.43
628.735,0.999982,4993056,54613.33
629.247,0.999985,4993077,65536.00
629.247,0.999986,4993077,72817.78
629.759,0.999988,4993108,81920.00
629.759,0.999989,4993108,93622.86
629.759,0.999991,4993108,109226.67
629.759,0.999992,4993108,131072.00
630.271,0.999993,4993135,145635.56
630.271,0.999994,4993135,163840.00
630.271,0.999995,4993135,187245.71
630.271,0.999995,4993135,218453.33
630.271,0.999996,4993135,262144.00
630.271,0.999997,4993135,291271.11
630.271,0.999997,4993135,327680.00
630.271,0.999997,4993135,374491.43
630.271,0.999998,4993135,436906.67
630.271,0.999998,4993135,524288.00
630.271,0.999998,4993135,582542.22
630.783,0.999998,4993157,655360.00
630.783,1.000000,4993157,inf
