Value,Percentile,TotalCount,1/(1-Percentile)
90.047,0.000000,1,1.00
195.711,0.100000,1001822,1.11
223.487,0.200000,2001158,1.25
248.447,0.300000,3004318,1.43
270.847,0.400000,4000330,1.67
292.607,0.500000,5007561,2.00
304.383,0.550000,5509434,2.22
317.439,0.600000,6002677,2.50
333.055,0.650000,6504763,2.86
351.743,0.700000,7001615,3.33
375.039,0.750000,7500919,4.00
389.119,0.775000,7754017,4.44
404.735,0.800000,8000815,5.00
423.167,0.825000,8251908,5.71
445.439,0.850000,8500513,6.67
474.367,0.875000,8750515,8.00
492.799,0.887500,8875447,8.89
516.095,0.900000,9000988,10.00
549.375,0.912500,9125035,11.43
605.183,0.925000,9250850,13.33
743.423,0.937500,9375073,16.00
1330.175,0.943750,9437539,17.78
1426.431,0.950000,9500178,20.00
1478.655,0.956250,9562575,22.86
1524.735,0.962500,9625317,26.67
1573.887,0.968750,9688428,32.00
1601.535,0.971875,9719162,35.56
1635.327,0.975000,9750758,40.00
1677.311,0.978125,9781574,45.71
1738.751,0.981250,9812759,53.33
1853.439,0.984375,9843764,64.00
1999.871,0.985938,9859396,71.11
2545.663,0.987500,9875086,80.00
2658.303,0.989062,9890603,91.43
2744.319,0.990625,9906466,106.67
2856.959,0.992188,9922031,128.00
2942.975,0.992969,9929777,142.22
3074.047,0.993750,9937491,160.00
3446.783,0.994531,9945293,182.86
3731.455,0.995313,9953102,213.33
3860.479,0.996094,9960913,256.00
3944.447,0.996484,9964822,284.44
4065.279,0.996875,9968769,320.00
4235.263,0.997266,9972666,365.71
4685.823,0.997656,9976551,426.67
4956.159,0.998047,9980501,512.00
5062.655,0.998242,9982428,568.89
5222.399,0.998437,9984393,640.00
5496.831,0.998633,9986322,731.43
6049.791,0.998828,9988260,853.33
6524.927,0.999023,9990214,1024.00
7049.215,0.999121,9991198,1137.78
7258.111,0.999219,9992177,1280.00
7671.807,0.999316,9993141,1462.86
8691.711,0.999414,9994119,1706.67
9674.751,0.999512,9995093,2048.00
11051.007,0.999561,9995582,2275.56
11788.287,0.999609,9996070,2560.00
13631.487,0.999658,9996562,2925.71
16621.567,0.999707,9997047,3413.33
22249.471,0.999756,9997543,4096.00
26427.391,0.999780,9997781,4551.11
33112.063,0.999805,9998024,5120.00
43581.439,0.999829,9998269,5851.43
57835.519,0.999854,9998511,6826.67
84410.367,0.999878,9998755,8192.00
93323.263,0.999890,9998878,9102.22
112394.239,0.999902,9998999,10240.00
143130.623,0.999915,9999121,11702.86
165675.007,0.999927,9999243,13653.33
202899.455,0.999939,9999366,16384.00
241172.479,0.999945,9999426,18204.44
265289.727,0.999951,9999487,20480.00
286785.535,0.999957,9999548,23405.71
341573.631,0.999963,9999610,27306.67
388497.407,0.999969,9999671,32768.00
402915.327,0.999973,9999703,36408.89
423886.847,0.999976,9999732,40960.00
464781.311,0.999979,9999762,46811.43
508297.215,0.999982,9999792,54613.33
550502.399,0.999985,9999823,65536.00
565706.751,0.999986,9999838,72817.78
597164.031,0.999988,9999853,81920.00
643825.663,0.999989,9999872,93622.86
664272.895,0.999991,9999885,109226.67
714080.255,0.999992,9999899,131072.00
812646.399,0.999993,9999907,145635.56
837287.935,0.999994,9999914,163840.00
871366.655,0.999995,9999923,187245.71
938999.807,0.999995,9999930,218453.33
1093664.767,0.999996,9999937,262144.00
1097859.071,0.999997,9999943,291271.11
1210056.703,0.999997,9999950,327680.00
1210056.703,0.999997,9999950,374491.43
1336934.399,0.999998,9999955,436906.67
1337982.975,0.999998,9999958,524288.00
1337982.975,0.999998,9999958,582542.22
1350565.887,0.999998,9999964,655360.00
1350565.887,0.999999,9999964,748982.86
1350565.887,0.999999,9999964,873813.33
1389363.199,0.999999,9999970,1048576.00
1389363.199,0.999999,9999970,1165084.44
1389363.199,0.999999,9999970,1310720.00
1389363.199,0.999999,9999970,1497965.71
1389363.199,0.999999,9999970,1747626.67
1415577.599,1.000000,9999971,2097152.00
1415577.599,1.000000,9999971,2330168.89
1433403.391,1.000000,9999972,2621440.00
1433403.391,1.000000,9999972,2995931.43
1480589.311,1.000000,9999973,3495253.33
1480589.311,1.000000,9999973,4194304.00
1480589.311,1.000000,9999973,4660337.78
1491075.071,1.000000,9999974,5242880.00
1491075.071,1.000000,9999974,5991862.86
1491075.071,1.000000,9999974,6990506.67
1491075.071,1.000000,9999974,8388608.00
1491075.071,1.000000,9999974,9320675.55
1503657.983,1.000000,9999975,10485760.00
1503657.983,1.000000,9999975,inf
