Value,Percentile,TotalCount,1/(1-Percentile)
141.439,0.000000,1,1.00
223.999,0.100000,499,1.11
241.919,0.200000,996,1.25
253.823,0.300000,1498,1.43
264.447,0.400000,1998,1.67
274.943,0.500000,2493,2.00
280.831,0.550000,2737,2.22
287.487,0.600000,2992,2.50
294.655,0.650000,3238,2.86
302.079,0.700000,3487,3.33
311.295,0.750000,3733,4.00
316.671,0.775000,3863,4.44
322.303,0.800000,3981,5.00
328.703,0.825000,4108,5.71
335.359,0.850000,4231,6.67
345.343,0.875000,4355,8.00
349.439,0.887500,4421,8.89
355.071,0.900000,4480,10.00
361.727,0.912500,4541,11.43
370.431,0.925000,4603,13.33
380.415,0.937500,4667,16.00
385.791,0.943750,4697,17.78
393.983,0.950000,4728,20.00
401.407,0.956250,4759,22.86
411.135,0.962500,4790,26.67
422.911,0.968750,4821,32.00
431.359,0.971875,4837,35.56
438.783,0.975000,4855,40.00
449.023,0.978125,4868,45.71
455.167,0.981250,4883,53.33
471.039,0.984375,4899,64.00
487.423,0.985938,4907,71.11
507.647,0.987500,4914,80.00
523.519,0.989062,4922,91.43
541.695,0.990625,4930,106.67
559.103,0.992188,4938,128.00
570.879,0.992969,4942,142.22
594.431,0.993750,4945,160.00
602.623,0.994531,4949,182.86
631.295,0.995313,4953,213.33
637.951,0.996094,4958,256.00
638.975,0.996484,4959,284.44
657.919,0.996875,4961,320.00
673.791,0.997266,4963,365.71
725.503,0.997656,4965,426.67
747.519,0.998047,4967,512.00
756.223,0.998242,4968,568.89
763.903,0.998437,4969,640.00
859.647,0.998633,4970,731.43
860.159,0.998828,4971,853.33
876.031,0.999023,4972,1024.00
876.031,0.999121,4972,1137.78
945.151,0.999219,4973,1280.00
945.151,0.999316,4973,1462.86
1654.783,0.999414,4974,1706.67
1654.783,0.999512,4974,2048.00
1654.783,0.999561,4974,2275.56
2131.967,0.999609,4975,2560.00
2131.967,0.999658,4975,2925.71
2131.967,0.999707,4975,3413.33
2131.967,0.999756,4975,4096.00
2131.967,0.999780,4975,4551.11
2240.511,0.999805,4976,5120.00
2240.511,1.000000,4976,inf
