Value,Percentile,TotalCount,1/(1-Percentile)
157.823,0.000000,1,1.00
1541.119,0.100000,9503,1.11
2852.863,0.200000,19003,1.25
4149.247,0.300000,28522,1.43
5480.447,0.400000,38031,1.67
6799.359,0.500000,47507,2.00
7467.007,0.550000,52271,2.22
8130.559,0.600000,57039,2.50
8814.591,0.650000,61802,2.86
9510.911,0.700000,66531,3.33
10199.039,0.750000,71289,4.00
10543.103,0.775000,73654,4.44
10887.167,0.800000,76045,5.00
11239.423,0.825000,78416,5.71
11624.447,0.850000,80801,6.67
12075.007,0.875000,83159,8.00
12378.111,0.887500,84353,8.89
12730.367,0.900000,85513,10.00
13221.887,0.912500,86707,11.43
13991.935,0.925000,87894,13.33
15114.239,0.937500,89083,16.00
15704.063,0.943750,89670,17.78
16343.039,0.950000,90269,20.00
17022.975,0.956250,90872,22.86
17694.719,0.962500,91461,26.67
18382.847,0.968750,92046,32.00
18759.679,0.971875,92342,35.56
19120.127,0.975000,92650,40.00
19496.959,0.978125,92940,45.71
19890.175,0.981250,93235,53.33
20398.079,0.984375,93537,64.00
20643.839,0.985938,93682,71.11
20938.751,0.987500,93830,80.00
21250.047,0.989062,93975,91.43
21708.799,0.990625,94128,106.67
22380.543,0.992188,94272,128.00
22888.447,0.992969,94348,142.22
23543.807,0.993750,94421,160.00
24657.919,0.994531,94495,182.86
26198.015,0.995313,94569,213.33
28229.631,0.996094,94643,256.00
29212.671,0.996484,94680,284.44
30310.399,0.996875,94718,320.00
31162.367,0.997266,94755,365.71
32210.943,0.997656,94792,426.67
33226.751,0.998047,94829,512.00
33816.575,0.998242,94847,568.89
34144.255,0.998437,94866,640.00
34930.687,0.998633,94885,731.43
35487.743,0.998828,94903,853.33
36241.407,0.999023,94922,1024.00
36405.247,0.999121,94931,1137.78
36929.535,0.999219,94940,1280.00
37322.751,0.999316,94950,1462.86
37683.199,0.999414,94960,1706.67
38305.791,0.999512,94968,2048.00
38535.167,0.999561,94973,2275.56
38731.775,0.999609,94977,2560.00
39026.687,0.999658,94983,2925.71
39452.671,0.999707,94987,3413.33
39976.959,0.999756,94991,4096.00
40173.567,0.999780,94994,4551.11
40271.871,0.999805,94996,5120.00
40304.639,0.999829,94998,5851.43
40697.855,0.999854,95001,6826.67
41648.127,0.999878,95003,8192.00
41746.431,0.999890,95004,9102.22
41943.039,0.999902,95005,10240.00
42041.343,0.999915,95006,11702.86
42401.791,0.999927,95008,13653.33
42860.543,0.999939,95009,16384.00
42860.543,0.999945,95009,18204.44
43352.063,0.999951,95010,20480.00
43352.063,0.999957,95010,23405.71
43679.743,0.999963,95011,27306.67
43941.887,0.999969,95012,32768.00
43941.887,0.999973,95012,36408.89
43941.887,0.999976,95012,40960.00
43941.887,0.999979,95012,46811.43
44466.175,0.999982,95014,54613.33
44466.175,1.000000,95014,inf
