Value,Percentile,TotalCount,1/(1-Percentile)
42.783,0.000000,1,1.00
73.599,0.100000,1002424,1.11
82.239,0.200000,2001997,1.25
89.279,0.300000,2997732,1.43
96.511,0.400000,3997877,1.67
104.191,0.500000,4997380,2.00
108.415,0.550000,5489697,2.22
113.343,0.600000,5989897,2.50
119.295,0.650000,6488880,2.86
126.911,0.700000,6987570,3.33
137.343,0.750000,7488332,4.00
144.383,0.775000,7737626,4.44
153.599,0.800000,7984533,5.00
167.807,0.825000,8234706,5.71
197.503,0.850000,8483019,6.67
744.447,0.875000,8732464,8.00
956.927,0.887500,8857286,8.89
1087.487,0.900000,8982279,10.00
1172.479,0.912500,9108351,11.43
1209.343,0.925000,9232374,13.33
1271.807,0.937500,9356458,16.00
1609.727,0.943750,9418598,17.78
1857.535,0.950000,9481270,20.00
2068.479,0.956250,9543324,22.86
2136.063,0.962500,9606565,26.67
2181.119,0.968750,9668348,32.00
2226.175,0.971875,9699731,35.56
2295.807,0.975000,9730718,40.00
2721.791,0.978125,9761507,45.71
2981.887,0.981250,9792824,53.33
3190.783,0.984375,9824367,64.00
3213.311,0.985938,9840141,71.11
3264.511,0.987500,9855215,80.00
3360.767,0.989062,9870673,91.43
3831.807,0.990625,9886265,106.67
4104.191,0.992188,9901875,128.00
4243.455,0.992969,9910273,142.22
4276.223,0.993750,9917607,160.00
4349.951,0.994531,9925606,182.86
4390.911,0.995313,9933972,213.33
4448.255,0.996094,9940993,256.00
4685.823,0.996484,9944750,284.44
4960.255,0.996875,9948619,320.00
5140.479,0.997266,9952584,365.71
5283.839,0.997656,9956444,426.67
5378.047,0.998047,9960345,512.00
5427.199,0.998242,9962562,568.89
5443.583,0.998437,9964419,640.00
5459.967,0.998633,9966386,731.43
5480.447,0.998828,9968310,853.33
5513.215,0.999023,9970133,1024.00
5550.079,0.999121,9971111,1137.78
5681.151,0.999219,9972017,1280.00
5890.047,0.999316,9972991,1462.86
6012.927,0.999414,9973964,1706.67
6152.191,0.999512,9974947,2048.00
6189.055,0.999561,9975492,2275.56
6213.631,0.999609,9975978,2560.00
6238.207,0.999658,9976437,2925.71
6270.975,0.999707,9976907,3413.33
6324.223,0.999756,9977381,4096.00
6352.895,0.999780,9977630,4551.11
6373.375,0.999805,9977863,5120.00
6393.855,0.999829,9978111,5851.43
6418.431,0.999854,9978353,6826.67
6455.295,0.999878,9978635,8192.00
6463.487,0.999890,9978762,9102.22
6467.583,0.999902,9978854,10240.00
6475.775,0.999915,9979072,11702.86
6475.775,0.999927,9979072,13653.33
6479.871,0.999939,9979209,16384.00
6483.967,0.999945,9979371,18204.44
6483.967,0.999951,9979371,20480.00
6488.063,0.999957,9979531,23405.71
6488.063,0.999963,9979531,27306.67
6488.063,0.999969,9979531,32768.00
6488.063,0.999973,9979531,36408.89
6492.159,0.999976,9979757,40960.00
6492.159,0.999979,9979757,46811.43
6492.159,0.999982,9979757,54613.33
6492.159,0.999985,9979757,65536.00
6492.159,0.999986,9979757,72817.78
6492.159,0.999988,9979757,81920.00
6492.159,0.999989,9979757,93622.86
6492.159,0.999991,9979757,109226.67
6492.159,0.999992,9979757,131072.00
6492.159,0.999993,9979757,145635.56
6492.159,0.999994,9979757,163840.00
6492.159,0.999995,9979757,187245.71
6492.159,0.999995,9979757,218453.33
6496.255,0.999996,9979968,262144.00
6496.255,1.000000,9979968,inf
