Value,Percentile,TotalCount,1/(1-Percentile)
24.479,0.000000,1,1.00
102.271,0.100000,949786,1.11
112.063,0.200000,1900231,1.25
119.743,0.300000,2850084,1.43
127.039,0.400000,3796634,1.67
134.783,0.500000,4745360,2.00
139.007,0.550000,5216163,2.22
143.615,0.600000,5689415,2.50
148.735,0.650000,6168222,2.86
154.367,0.700000,6632921,3.33
161.279,0.750000,7105863,4.00
165.503,0.775000,7346560,4.44
170.239,0.800000,7579253,5.00
175.999,0.825000,7819130,5.71
182.655,0.850000,8052492,6.67
190.847,0.875000,8291997,8.00
195.583,0.887500,8410499,8.89
200.831,0.900000,8527595,10.00
206.975,0.912500,8646094,11.43
214.271,0.925000,8763779,13.33
223.487,0.937500,8881940,16.00
229.119,0.943750,8941181,17.78
235.647,0.950000,8999844,20.00
243.583,0.956250,9059238,22.86
253.055,0.962500,9118179,26.67
264.447,0.968750,9178403,32.00
270.335,0.971875,9207338,35.56
276.735,0.975000,9237337,40.00
283.135,0.978125,9266453,45.71
290.047,0.981250,9295703,53.33
298.239,0.984375,9325978,64.00
302.591,0.985938,9340264,71.11
307.711,0.987500,9355060,80.00
313.599,0.989062,9370218,91.43
319.999,0.990625,9384644,106.67
327.679,0.992188,9399419,128.00
332.031,0.992969,9406791,142.22
336.895,0.993750,9414288,160.00
342.271,0.994531,9421753,182.86
348.159,0.995313,9429124,213.33
355.071,0.996094,9436457,256.00
358.911,0.996484,9440209,284.44
363.263,0.996875,9443914,320.00
367.871,0.997266,9447507,365.71
373.247,0.997656,9451146,426.67
379.647,0.998047,9454917,512.00
382.975,0.998242,9456685,568.89
387.071,0.998437,9458608,640.00
391.167,0.998633,9460383,731.43
396.031,0.998828,9462219,853.33
401.663,0.999023,9464128,1024.00
404.223,0.999121,9464987,1137.78
407.551,0.999219,9465957,1280.00
410.879,0.999316,9466894,1462.86
414.207,0.999414,9467817,1706.67
418.047,0.999512,9468718,2048.00
419.839,0.999561,9469180,2275.56
421.887,0.999609,9469665,2560.00
423.935,0.999658,9470117,2925.71
425.983,0.999707,9470559,3413.33
428.031,0.999756,9471005,4096.00
429.055,0.999780,9471253,4551.11
430.335,0.999805,9471499,5120.00
431.359,0.999829,9471715,5851.43
432.639,0.999854,9471975,6826.67
433.663,0.999878,9472189,8192.00
434.175,0.999890,9472301,9102.22
434.687,0.999902,9472412,10240.00
435.199,0.999915,9472530,11702.86
435.711,0.999927,9472629,13653.33
436.479,0.999939,9472774,16384.00
436.735,0.999945,9472837,18204.44
436.991,0.999951,9472901,20480.00
437.247,0.999957,9472946,23405.71
437.503,0.999963,9472996,27306.67
437.759,0.999969,9473048,32768.00
438.015,0.999973,9473100,36408.89
438.015,0.999976,9473100,40960.00
438.271,0.999979,9473147,46811.43
438.271,0.999982,9473147,54613.33
438.527,0.999985,9473213,65536.00
438.527,0.999986,9473213,72817.78
438.527,0.999988,9473213,81920.00
438.527,0.999989,9473213,93622.86
438.783,0.999991,9473271,109226.67
438.783,0.999992,9473271,131072.00
438.783,0.999993,9473271,145635.56
438.783,0.999994,9473271,163840.00
438.783,0.999995,9473271,187245.71
438.783,0.999995,9473271,218453.33
439.039,0.999996,9473331,262144.00
439.039,1.000000,9473331,inf
