Value,Percentile,TotalCount,1/(1-Percentile)
54.207,0.000000,1,1.00
91.135,0.100000,50169,1.11
97.535,0.200000,100428,1.25
102.655,0.300000,150313,1.43
107.775,0.400000,200325,1.67
113.471,0.500000,250470,2.00
116.735,0.550000,275162,2.22
120.447,0.600000,300299,2.50
124.799,0.650000,325167,2.86
130.175,0.700000,350217,3.33
137.087,0.750000,375343,4.00
141.311,0.775000,387702,4.44
146.175,0.800000,400334,5.00
151.807,0.825000,412789,5.71
158.207,0.850000,425193,6.67
165.631,0.875000,437803,8.00
169.727,0.887500,443991,8.89
174.335,0.900000,450213,10.00
179.711,0.912500,456518,11.43
185.983,0.925000,462749,13.33
193.535,0.937500,468975,16.00
198.143,0.943750,472064,17.78
203.519,0.950000,475186,20.00
209.407,0.956250,478324,22.86
216.191,0.962500,481477,26.67
223.871,0.968750,484550,32.00
228.351,0.971875,486106,35.56
233.471,0.975000,487677,40.00
239.231,0.978125,489230,45.71
246.911,0.981250,490797,53.33
256.511,0.984375,492364,64.00
262.655,0.985938,493156,71.11
268.799,0.987500,493927,80.00
276.223,0.989062,494716,91.43
283.903,0.990625,495492,106.67
293.119,0.992188,496264,128.00
299.519,0.992969,496674,142.22
306.175,0.993750,497054,160.00
315.647,0.994531,497442,182.86
328.447,0.995313,497831,213.33
345.343,0.996094,498223,256.00
353.791,0.996484,498414,284.44
365.055,0.996875,498609,320.00
375.551,0.997266,498805,365.71
389.631,0.997656,499002,426.67
404.223,0.998047,499200,512.00
412.671,0.998242,499293,568.89
423.167,0.998437,499390,640.00
438.527,0.998633,499490,731.43
456.447,0.998828,499586,853.33
479.999,0.999023,499683,1024.00
491.263,0.999121,499733,1137.78
503.551,0.999219,499783,1280.00
518.143,0.999316,499830,1462.86
534.527,0.999414,499878,1706.67
551.423,0.999512,499927,2048.00
561.663,0.999561,499952,2275.56
574.463,0.999609,499976,2560.00
593.407,0.999658,500001,2925.71
607.743,0.999707,500025,3413.33
624.127,0.999756,500049,4096.00
637.439,0.999780,500062,4551.11
648.703,0.999805,500075,5120.00
657.407,0.999829,500086,5851.43
674.815,0.999854,500098,6826.67
685.567,0.999878,500110,8192.00
691.199,0.999890,500117,9102.22
697.343,0.999902,500123,10240.00
707.071,0.999915,500129,11702.86
719.871,0.999927,500135,13653.33
732.159,0.999939,500141,16384.00
736.255,0.999945,500144,18204.44
741.375,0.999951,500147,20480.00
744.447,0.999957,500150,23405.71
748.543,0.999963,500153,27306.67
760.319,0.999969,500156,32768.00
770.559,0.999973,500158,36408.89
772.095,0.999976,500159,40960.00
777.215,0.999979,500161,46811.43
780.799,0.999982,500162,54613.33
795.135,0.999985,500164,65536.00
798.719,0.999986,500165,72817.78
798.719,0.999988,500165,81920.00
799.743,0.999989,500166,93622.86
806.399,0.999991,500167,109226.67
813.055,0.999992,500168,131072.00
813.055,0.999993,500168,145635.56
813.055,0.999994,500168,163840.00
814.591,0.999995,500169,187245.71
814.591,0.999995,500169,218453.33
817.663,0.999996,500170,262144.00
817.663,0.999997,500170,291271.11
817.663,0.999997,500170,327680.00
817.663,0.999997,500170,374491.43
817.663,0.999998,500170,436906.67
859.647,0.999998,500171,524288.00
859.647,1.000000,500171,inf
