Value,Percentile,TotalCount,1/(1-Percentile)
46.527,0.000000,1,1.00
66.559,0.100000,1009078,1.11
73.087,0.200000,2004271,1.25
83.007,0.300000,2999450,1.43
134.783,0.400000,4003829,1.67
140.031,0.500000,5024981,2.00
142.207,0.550000,5508075,2.22
144.639,0.600000,6012002,2.50
147.455,0.650000,6508511,2.86
151.039,0.700000,7011464,3.33
155.391,0.750000,7505174,4.00
157.823,0.775000,7750151,4.44
160.511,0.800000,7997435,5.00
163.583,0.825000,8248917,5.71
167.167,0.850000,8496931,6.67
171.775,0.875000,8751640,8.00
174.335,0.887500,8873554,8.89
177.151,0.900000,8999254,10.00
180.095,0.912500,9124026,11.43
183.167,0.925000,9249158,13.33
186.367,0.937500,9371209,16.00
188.159,0.943750,9434846,17.78
190.079,0.950000,9498213,20.00
192.127,0.956250,9559085,22.86
194.559,0.962500,9622437,26.67
197.375,0.968750,9683775,32.00
199.039,0.971875,9714229,35.56
200.959,0.975000,9745141,40.00
203.263,0.978125,9776567,45.71
206.079,0.981250,9808436,53.33
209.407,0.984375,9839042,64.00
211.455,0.985938,9854860,71.11
213.631,0.987500,9869848,80.00
216.319,0.989062,9885922,91.43
219.263,0.990625,9901399,106.67
222.719,0.992188,9916855,128.00
224.767,0.992969,9924910,142.22
226.943,0.993750,9932704,160.00
229.247,0.994531,9940215,182.86
232.063,0.995313,9948168,213.33
235.263,0.996094,9955779,256.00
237.183,0.996484,9959768,284.44
239.359,0.996875,9963694,320.00
241.919,0.997266,9967538,365.71
244.991,0.997656,9971382,426.67
249.087,0.998047,9975371,512.00
251.519,0.998242,9977210,568.89
254.335,0.998437,9979200,640.00
257.791,0.998633,9981172,731.43
261.503,0.998828,9983069,853.33
266.495,0.999023,9985104,1024.00
269.311,0.999121,9986076,1137.78
272.127,0.999219,9986983,1280.00
275.455,0.999316,9987965,1462.86
279.551,0.999414,9988940,1706.67
283.903,0.999512,9989911,2048.00
286.463,0.999561,9990422,2275.56
289.023,0.999609,9990894,2560.00
291.839,0.999658,9991384,2925.71
294.911,0.999707,9991859,3413.33
298.495,0.999756,9992356,4096.00
300.287,0.999780,9992589,4551.11
302.847,0.999805,9992838,5120.00
305.407,0.999829,9993082,5851.43
308.223,0.999854,9993319,6826.67
311.551,0.999878,9993560,8192.00
313.087,0.999890,9993693,9102.22
314.879,0.999902,9993805,10240.00
316.927,0.999915,9993939,11702.86
319.231,0.999927,9994054,13653.33
321.279,0.999939,9994166,16384.00
322.559,0.999945,9994237,18204.44
323.583,0.999951,9994293,20480.00
324.863,0.999957,9994355,23405.71
326.399,0.999963,9994422,27306.67
327.423,0.999969,9994485,32768.00
327.935,0.999973,9994507,36408.89
328.703,0.999976,9994540,40960.00
329.471,0.999979,9994570,46811.43
330.239,0.999982,9994602,54613.33
331.007,0.999985,9994632,65536.00
331.263,0.999986,9994645,72817.78
331.519,0.999988,9994657,81920.00
332.031,0.999989,9994669,93622.86
332.543,0.999991,9994689,109226.67
332.799,0.999992,9994701,131072.00
333.055,0.999993,9994711,145635.56
333.311,0.999994,9994725,163840.00
333.311,0.999995,9994725,187245.71
333.567,0.999995,9994735,218453.33
333.823,0.999996,9994746,262144.00
333.823,0.999997,9994746,291271.11
333.823,0.999997,9994746,327680.00
334.079,0.999997,9994757,374491.43
334.079,0.999998,9994757,436906.67
334.079,0.999998,9994757,524288.00
334.335,0.999998,9994766,582542.22
334.335,0.999998,9994766,655360.00
334.335,0.999999,9994766,748982.86
334.335,0.999999,9994766,873813.33
334.335,0.999999,9994766,1048576.00
334.591,0.999999,9994781,1165084.44
334.591,1.000000,9994781,inf
