Value,Percentile,TotalCount,1/(1-Percentile)
24.543,0.000000,1,1.00
42.559,0.100000,999514,1.11
50.303,0.200000,1993386,1.25
72.383,0.300000,2986821,1.43
92.159,0.400000,3982407,1.67
99.327,0.500000,4987733,2.00
101.823,0.550000,5479496,2.22
104.255,0.600000,5978697,2.50
106.751,0.650000,6474243,2.86
109.439,0.700000,6972687,3.33
112.383,0.750000,7475768,4.00
113.855,0.775000,7716317,4.44
115.455,0.800000,7969235,5.00
117.119,0.825000,8220238,5.71
118.847,0.850000,8465530,6.67
120.767,0.875000,8711029,8.00
121.919,0.887500,8840800,8.89
123.135,0.900000,8963933,10.00
124.479,0.912500,9083339,11.43
126.143,0.925000,9208135,13.33
128.255,0.937500,9334409,16.00
129.535,0.943750,9396010,17.78
131.071,0.950000,9458145,20.00
132.991,0.956250,9520761,22.86
135.423,0.962500,9583061,26.67
138.495,0.968750,9644106,32.00
140.287,0.971875,9674688,35.56
142.335,0.975000,9706058,40.00
144.511,0.978125,9737131,45.71
146.815,0.981250,9768197,53.33
149.247,0.984375,9799373,64.00
150.527,0.985938,9814942,71.11
151.807,0.987500,9829951,80.00
153.343,0.989062,9846442,91.43
154.879,0.990625,9861888,106.67
156.543,0.992188,9877372,128.00
157.439,0.992969,9884893,142.22
158.463,0.993750,9892874,160.00
159.487,0.994531,9900345,182.86
160.639,0.995313,9907999,213.33
161.919,0.996094,9915673,256.00
162.687,0.996484,9919710,284.44
163.455,0.996875,9923580,320.00
164.351,0.997266,9927539,365.71
165.247,0.997656,9931222,426.67
166.271,0.998047,9935087,512.00
166.783,0.998242,9936882,568.89
167.423,0.998437,9938974,640.00
168.063,0.998633,9940899,731.43
168.703,0.998828,9942737,853.33
169.471,0.999023,9944751,1024.00
169.855,0.999121,9945721,1137.78
170.239,0.999219,9946595,1280.00
170.751,0.999316,9947739,1462.86
171.135,0.999414,9948614,1706.67
171.519,0.999512,9949460,2048.00
171.775,0.999561,9949990,2275.56
172.031,0.999609,9950509,2560.00
172.287,0.999658,9950993,2925.71
172.543,0.999707,9951459,3413.33
172.799,0.999756,9951920,4096.00
172.927,0.999780,9952148,4551.11
173.055,0.999805,9952366,5120.00
173.311,0.999829,9952812,5851.43
173.439,0.999854,9953028,6826.67
173.567,0.999878,9953232,8192.00
173.567,0.999890,9953232,9102.22
173.695,0.999902,9953436,10240.00
173.823,0.999915,9953640,11702.86
173.823,0.999927,9953640,13653.33
173.951,0.999939,9953844,16384.00
173.951,0.999945,9953844,18204.44
173.951,0.999951,9953844,20480.00
174.079,0.999957,9954034,23405.71
174.079,0.999963,9954034,27306.67
174.079,0.999969,9954034,32768.00
174.079,0.999973,9954034,36408.89
174.207,0.999976,9954227,40960.00
174.207,0.999979,9954227,46811.43
174.207,0.999982,9954227,54613.33
174.207,0.999985,9954227,65536.00
174.207,0.999986,9954227,72817.78
174.207,0.999988,9954227,81920.00
174.207,0.999989,9954227,93622.86
174.207,0.999991,9954227,109226.67
174.207,0.999992,9954227,131072.00
174.335,0.999993,9954422,145635.56
174.335,1.000000,9954422,inf
