Value,Percentile,TotalCount,1/(1-Percentile)
45.567,0.000000,1,1.00
63.999,0.100000,995648,1.11
67.775,0.200000,2001541,1.25
71.039,0.300000,2982311,1.43
74.495,0.400000,3983359,1.67
78.207,0.500000,4979505,2.00
80.191,0.550000,5463343,2.22
82.495,0.600000,5963508,2.50
85.183,0.650000,6455905,2.86
88.511,0.700000,6955799,3.33
92.415,0.750000,7447261,4.00
94.591,0.775000,7695932,4.44
96.895,0.800000,7944020,5.00
99.391,0.825000,8195401,5.71
102.079,0.850000,8443152,6.67
105.023,0.875000,8690065,8.00
106.623,0.887500,8813146,8.89
108.415,0.900000,8940368,10.00
110.335,0.912500,9064147,11.43
112.511,0.925000,9187207,13.33
115.135,0.937500,9309626,16.00
116.735,0.943750,9371938,17.78
118.591,0.950000,9434215,20.00
120.767,0.956250,9496145,22.86
123.391,0.962500,9557446,26.67
126.783,0.968750,9619247,32.00
128.895,0.971875,9650197,35.56
131.583,0.975000,9682176,40.00
134.911,0.978125,9712922,45.71
139.519,0.981250,9743838,53.33
146.175,0.984375,9774486,64.00
150.655,0.985938,9789959,71.11
155.903,0.987500,9805363,80.00
162.559,0.989062,9820897,91.43
172.415,0.990625,9836373,106.67
218.495,0.992188,9851887,128.00
1156.095,0.992969,9859808,142.22
1172.479,0.993750,9867397,160.00
1183.743,0.994531,9875597,182.86
1192.959,0.995313,9883094,213.33
1203.199,0.996094,9890904,256.00
1208.319,0.996484,9894697,284.44
1214.463,0.996875,9898978,320.00
1219.583,0.997266,9902458,365.71
1225.727,0.997656,9906696,426.67
1230.847,0.998047,9910173,512.00
1233.919,0.998242,9912441,568.89
1236.991,0.998437,9914678,640.00
1239.039,0.998633,9916256,731.43
1241.087,0.998828,9917869,853.33
1244.159,0.999023,9920349,1024.00
1245.183,0.999121,9921228,1137.78
1246.207,0.999219,9922078,1280.00
1247.231,0.999316,9922966,1462.86
1248.255,0.999414,9923820,1706.67
1249.279,0.999512,9924721,2048.00
1250.303,0.999561,9925574,2275.56
1250.303,0.999609,9925574,2560.00
1251.327,0.999658,9926507,2925.71
1252.351,0.999707,9927425,3413.33
1252.351,0.999756,9927425,4096.00
1252.351,0.999780,9927425,4551.11
1253.375,0.999805,9928344,5120.00
1253.375,0.999829,9928344,5851.43
1253.375,0.999854,9928344,6826.67
1253.375,0.999878,9928344,8192.00
1254.399,0.999890,9929399,9102.22
1254.399,0.999902,9929399,10240.00
1254.399,0.999915,9929399,11702.86
1254.399,0.999927,9929399,13653.33
1254.399,0.999939,9929399,16384.00
1254.399,0.999945,9929399,18204.44
1254.399,0.999951,9929399,20480.00
1254.399,0.999957,9929399,23405.71
1254.399,0.999963,9929399,27306.67
1254.399,0.999969,9929399,32768.00
1254.399,0.999973,9929399,36408.89
1254.399,0.999976,9929399,40960.00
1254.399,0.999979,9929399,46811.43
1254.399,0.999982,9929399,54613.33
1254.399,0.999985,9929399,65536.00
1254.399,0.999986,9929399,72817.78
1254.399,0.999988,9929399,81920.00
1254.399,0.999989,9929399,93622.86
1254.399,0.999991,9929399,109226.67
1254.399,0.999992,9929399,131072.00
1254.399,0.999993,9929399,145635.56
1254.399,0.999994,9929399,163840.00
1254.399,0.999995,9929399,187245.71
1255.423,0.999995,9930363,218453.33
1255.423,1.000000,9930363,inf
