Value,Percentile,TotalCount,1/(1-Percentile)
34.559,0.000000,1,1.00
54.527,0.100000,500061,1.11
60.383,0.200000,1000010,1.25
68.287,0.300000,1500856,1.43
73.471,0.400000,2000358,1.67
77.503,0.500000,2497932,2.00
79.615,0.550000,2752599,2.22
81.855,0.600000,2999050,2.50
84.543,0.650000,3250176,2.86
87.871,0.700000,3496384,3.33
92.671,0.750000,3746880,4.00
96.063,0.775000,3871743,4.44
100.415,0.800000,3996130,5.00
105.599,0.825000,4121929,5.71
111.231,0.850000,4245922,6.67
118.143,0.875000,4370663,8.00
122.623,0.887500,4433393,8.89
127.999,0.900000,4495694,10.00
134.143,0.912500,4557984,11.43
140.671,0.925000,4619911,13.33
147.839,0.937500,4682494,16.00
151.935,0.943750,4714517,17.78
156.287,0.950000,4744868,20.00
161.535,0.956250,4776622,22.86
167.551,0.962500,4807430,26.67
175.359,0.968750,4838744,32.00
180.479,0.971875,4854206,35.56
187.007,0.975000,4869761,40.00
195.199,0.978125,4885284,45.71
203.903,0.981250,4901017,53.33
211.967,0.984375,4916511,64.00
215.935,0.985938,4924327,71.11
219.903,0.987500,4932157,80.00
223.999,0.989062,4939957,91.43
228.351,0.990625,4947816,106.67
233.087,0.992188,4955531,128.00
235.775,0.992969,4959434,142.22
238.719,0.993750,4963389,160.00
241.791,0.994531,4967252,182.86
245.119,0.995313,4971061,213.33
249.087,0.996094,4975030,256.00
251.263,0.996484,4976993,284.44
253.567,0.996875,4978913,320.00
256.127,0.997266,4980885,365.71
259.071,0.997656,4982803,426.67
262.399,0.998047,4984827,512.00
264.191,0.998242,4985773,568.89
265.983,0.998437,4986667,640.00
268.287,0.998633,4987690,731.43
270.591,0.998828,4988645,853.33
273.151,0.999023,4989594,1024.00
274.687,0.999121,4990114,1137.78
276.479,0.999219,4990600,1280.00
278.271,0.999316,4991079,1462.86
280.319,0.999414,4991578,1706.67
282.623,0.999512,4992034,2048.00
284.159,0.999561,4992294,2275.56
285.439,0.999609,4992504,2560.00
286.975,0.999658,4992752,2925.71
288.767,0.999707,4993009,3413.33
290.559,0.999756,4993249,4096.00
291.583,0.999780,4993363,4551.11
292.863,0.999805,4993514,5120.00
293.631,0.999829,4993607,5851.43
294.655,0.999854,4993726,6826.67
295.679,0.999878,4993850,8192.00
296.447,0.999890,4993930,9102.22
296.959,0.999902,4993975,10240.00
297.727,0.999915,4994040,11702.86
298.239,0.999927,4994094,13653.33
299.007,0.999939,4994153,16384.00
299.263,0.999945,4994180,18204.44
299.775,0.999951,4994219,20480.00
300.031,0.999957,4994242,23405.71
300.543,0.999963,4994284,27306.67
301.055,0.999969,4994319,32768.00
301.055,0.999973,4994319,36408.89
301.311,0.999976,4994339,40960.00
301.567,0.999979,4994356,46811.43
301.823,0.999982,4994379,54613.33
301.823,0.999985,4994379,65536.00
302.079,0.999986,4994400,72817.78
302.079,0.999988,4994400,81920.00
302.079,0.999989,4994400,93622.86
302.335,0.999991,4994419,109226.67
302.335,0.999992,4994419,131072.00
302.335,0.999993,4994419,145635.56
302.591,0.999994,4994432,163840.00
302.591,0.999995,4994432,187245.71
302.591,0.999995,4994432,218453.33
302.847,0.999996,4994452,262144.00
302.847,0.999997,4994452,291271.11
302.847,0.999997,4994452,327680.00
302.847,0.999997,4994452,374491.43
302.847,0.999998,4994452,436906.67
302.847,0.999998,4994452,524288.00
302.847,0.999998,4994452,582542.22
302.847,0.999998,4994452,655360.00
302.847,0.999999,4994452,748982.86
302.847,0.999999,4994452,873813.33
302.847,0.999999,4994452,1048576.00
302.847,0.999999,4994452,1165084.44
302.847,0.999999,4994452,1310720.00
302.847,0.999999,4994452,1497965.71
302.847,0.999999,4994452,1747626.67
302.847,1.000000,4994452,2097152.00
302.847,1.000000,4994452,2330168.89
302.847,1.000000,4994452,2621440.00
302.847,1.000000,4994452,2995931.43
302.847,1.000000,4994452,3495253.33
302.847,1.000000,4994452,4194304.00
302.847,1.000000,4994452,4660337.78
303.103,1.000000,4994472,5242880.00
303.103,1.000000,4994472,inf
