Value,Percentile,TotalCount,1/(1-Percentile)
67.839,0.000000,1,1.00
103.167,0.100000,502038,1.11
111.935,0.200000,1000264,1.25
118.591,0.300000,1501062,1.43
125.567,0.400000,1998954,1.67
133.887,0.500000,2499946,2.00
139.007,0.550000,2747654,2.22
145.791,0.600000,3001142,2.50
155.263,0.650000,3248054,2.86
168.575,0.700000,3499114,3.33
181.503,0.750000,3747454,4.00
187.135,0.775000,3872304,4.44
192.639,0.800000,3997488,5.00
198.271,0.825000,4121961,5.71
204.415,0.850000,4246943,6.67
211.455,0.875000,4371848,8.00
215.423,0.887500,4434501,8.89
219.903,0.900000,4497450,10.00
225.023,0.912500,4558828,11.43
231.295,0.925000,4621114,13.33
238.975,0.937500,4683671,16.00
243.455,0.943750,4714617,17.78
248.575,0.950000,4746368,20.00
254.207,0.956250,4777182,22.86
260.735,0.962500,4808447,26.67
268.543,0.968750,4840056,32.00
272.895,0.971875,4855230,35.56
277.759,0.975000,4870847,40.00
283.135,0.978125,4886498,45.71
289.279,0.981250,4902387,53.33
296.191,0.984375,4917979,64.00
300.031,0.985938,4925735,71.11
304.127,0.987500,4933123,80.00
308.991,0.989062,4940957,91.43
314.623,0.990625,4948792,106.67
321.279,0.992188,4956553,128.00
325.375,0.992969,4960545,142.22
329.727,0.993750,4964348,160.00
335.103,0.994531,4968302,182.86
341.247,0.995313,4972227,213.33
348.927,0.996094,4976115,256.00
353.535,0.996484,4978044,284.44
358.399,0.996875,4979936,320.00
364.287,0.997266,4981925,365.71
370.687,0.997656,4983849,426.67
378.111,0.998047,4985796,512.00
381.695,0.998242,4986771,568.89
385.535,0.998437,4987734,640.00
389.631,0.998633,4988740,731.43
393.471,0.998828,4989692,853.33
397.823,0.999023,4990658,1024.00
400.127,0.999121,4991169,1137.78
402.431,0.999219,4991643,1280.00
404.735,0.999316,4992137,1462.86
407.295,0.999414,4992630,1706.67
409.855,0.999512,4993090,2048.00
411.391,0.999561,4993370,2275.56
412.415,0.999609,4993574,2560.00
413.951,0.999658,4993844,2925.71
415.231,0.999707,4994062,3413.33
416.767,0.999756,4994314,4096.00
417.535,0.999780,4994438,4551.11
418.559,0.999805,4994580,5120.00
419.327,0.999829,4994682,5851.43
420.351,0.999854,4994830,6826.67
421.119,0.999878,4994951,8192.00
421.375,0.999890,4994990,9102.22
421.887,0.999902,4995053,10240.00
422.399,0.999915,4995122,11702.86
422.911,0.999927,4995187,13653.33
423.423,0.999939,4995255,16384.00
423.423,0.999945,4995255,18204.44
423.679,0.999951,4995290,20480.00
423.935,0.999957,4995322,23405.71
424.191,0.999963,4995360,27306.67
424.447,0.999969,4995391,32768.00
424.447,0.999973,4995391,36408.89
424.703,0.999976,4995415,40960.00
424.959,0.999979,4995443,46811.43
424.959,0.999982,4995443,54613.33
425.215,0.999985,4995482,65536.00
425.215,0.999986,4995482,72817.78
425.215,0.999988,4995482,81920.00
425.215,0.999989,4995482,93622.86
425.215,0.999991,4995482,109226.67
425.471,0.999992,4995507,131072.00
425.471,0.999993,4995507,145635.56
425.471,0.999994,4995507,163840.00
425.471,0.999995,4995507,187245.71
425.471,0.999995,4995507,218453.33
425.471,0.999996,4995507,262144.00
425.727,0.999997,4995540,291271.11
425.727,1.000000,4995540,inf
