Value,Percentile,TotalCount,1/(1-Percentile)
28.991,0.000000,1,1.00
57.439,0.100000,500120,1.11
64.831,0.200000,999391,1.25
71.359,0.300000,1500434,1.43
77.759,0.400000,1998389,1.67
84.479,0.500000,2498778,2.00
88.063,0.550000,2748293,2.22
91.903,0.600000,2999069,2.50
96.063,0.650000,3247777,2.86
100.863,0.700000,3498399,3.33
106.623,0.750000,3745917,4.00
110.271,0.775000,3872112,4.44
114.687,0.800000,3996469,5.00
120.383,0.825000,4121272,5.71
127.807,0.850000,4245832,6.67
137.471,0.875000,4370969,8.00
143.231,0.887500,4433479,8.89
149.631,0.900000,4495546,10.00
156.799,0.912500,4557823,11.43
164.863,0.925000,4619833,13.33
174.335,0.937500,4682150,16.00
179.839,0.943750,4713913,17.78
185.855,0.950000,4745083,20.00
192.511,0.956250,4775837,22.86
200.319,0.962500,4807156,26.67
209.535,0.968750,4838396,32.00
214.783,0.971875,4854030,35.56
220.671,0.975000,4869552,40.00
227.327,0.978125,4885126,45.71
234.879,0.981250,4900666,53.33
243.839,0.984375,4916245,64.00
248.959,0.985938,4924062,71.11
254.591,0.987500,4931863,80.00
260.991,0.989062,4939689,91.43
268.543,0.990625,4947514,106.67
277.503,0.992188,4955398,128.00
282.623,0.992969,4959133,142.22
288.767,0.993750,4963093,160.00
295.679,0.994531,4966923,182.86
304.127,0.995313,4970843,213.33
314.367,0.996094,4974761,256.00
320.255,0.996484,4976723,284.44
327.167,0.996875,4978676,320.00
335.359,0.997266,4980621,365.71
344.575,0.997656,4982526,426.67
356.095,0.998047,4984475,512.00
362.495,0.998242,4985466,568.89
369.407,0.998437,4986446,640.00
377.087,0.998633,4987412,731.43
385.791,0.998828,4988388,853.33
395.263,0.999023,4989344,1024.00
400.895,0.999121,4989841,1137.78
406.271,0.999219,4990322,1280.00
412.671,0.999316,4990809,1462.86
418.815,0.999414,4991302,1706.67
425.727,0.999512,4991785,2048.00
428.799,0.999561,4992030,2275.56
432.383,0.999609,4992287,2560.00
435.967,0.999658,4992530,2925.71
440.063,0.999707,4992771,3413.33
443.903,0.999756,4993013,4096.00
445.695,0.999780,4993124,4551.11
447.999,0.999805,4993260,5120.00
450.047,0.999829,4993373,5851.43
452.351,0.999854,4993490,6826.67
454.655,0.999878,4993620,8192.00
455.679,0.999890,4993673,9102.22
456.959,0.999902,4993748,10240.00
457.983,0.999915,4993807,11702.86
459.007,0.999927,4993858,13653.33
460.543,0.999939,4993929,16384.00
461.055,0.999945,4993952,18204.44
461.823,0.999951,4993984,20480.00
462.335,0.999957,4994011,23405.71
462.847,0.999963,4994041,27306.67
463.359,0.999969,4994080,32768.00
463.615,0.999973,4994088,36408.89
463.871,0.999976,4994099,40960.00
464.383,0.999979,4994128,46811.43
464.639,0.999982,4994142,54613.33
464.895,0.999985,4994154,65536.00
464.895,0.999986,4994154,72817.78
465.151,0.999988,4994169,81920.00
465.151,0.999989,4994169,93622.86
465.407,0.999991,4994184,109226.67
465.407,0.999992,4994184,131072.00
465.663,0.999993,4994193,145635.56
465.663,0.999994,4994193,163840.00
465.919,0.999995,4994205,187245.71
465.919,0.999995,4994205,218453.33
465.919,0.999996,4994205,262144.00
465.919,0.999997,4994205,291271.11
465.919,0.999997,4994205,327680.00
466.175,0.999997,4994220,374491.43
466.175,1.000000,4994220,inf
