Value,Percentile,TotalCount,1/(1-Percentile)
41.983,0.000000,1,1.00
68.799,0.100000,1004116,1.11
76.543,0.200000,2006299,1.25
82.687,0.300000,3006710,1.43
88.639,0.400000,4000087,1.67
95.423,0.500000,4997148,2.00
99.455,0.550000,5498842,2.22
103.999,0.600000,5996299,2.50
109.311,0.650000,6495059,2.86
115.839,0.700000,6994184,3.33
124.479,0.750000,7490839,4.00
130.047,0.775000,7739369,4.44
137.087,0.800000,7991126,5.00
146.175,0.825000,8238544,5.71
159.743,0.850000,8488251,6.67
188.031,0.875000,8737556,8.00
237.311,0.887500,8862403,8.89
805.887,0.900000,8987290,10.00
1053.695,0.912500,9112204,11.43
1167.359,0.925000,9237405,13.33
1222.655,0.937500,9362298,16.00
1306.623,0.943750,9424113,17.78
1815.551,0.950000,9486643,20.00
2028.543,0.956250,9548988,22.86
2146.303,0.962500,9613548,26.67
2228.223,0.968750,9674575,32.00
2293.759,0.971875,9705174,35.56
2752.511,0.975000,9736145,40.00
3012.607,0.978125,9767307,45.71
3198.975,0.981250,9799479,53.33
3301.375,0.984375,9830350,64.00
3368.959,0.985938,9845485,71.11
3819.519,0.987500,9860967,80.00
4085.759,0.989062,9876601,91.43
4280.319,0.990625,9892341,106.67
4374.527,0.992188,9908358,128.00
4411.391,0.992969,9916137,142.22
4636.671,0.993750,9923362,160.00
5074.943,0.994531,9931189,182.86
5308.415,0.995313,9939076,213.33
5431.295,0.996094,9947069,256.00
5455.871,0.996484,9950858,284.44
5496.831,0.996875,9954661,320.00
5832.703,0.997266,9958455,365.71
6176.767,0.997656,9962408,426.67
6385.663,0.998047,9966323,512.00
6459.391,0.998242,9968207,568.89
6500.351,0.998437,9970292,640.00
6524.927,0.998633,9972135,731.43
6565.887,0.998828,9974045,853.33
6877.183,0.999023,9975985,1024.00
7102.463,0.999121,9976968,1137.78
7249.919,0.999219,9977934,1280.00
7348.223,0.999316,9978933,1462.86
7471.103,0.999414,9979908,1706.67
7553.023,0.999512,9980926,2048.00
7569.407,0.999561,9981474,2275.56
7581.695,0.999609,9981974,2560.00
7593.983,0.999658,9982416,2925.71
7610.367,0.999707,9982894,3413.33
7634.943,0.999756,9983320,4096.00
7659.519,0.999780,9983541,4551.11
7720.959,0.999805,9983784,5120.00
7847.935,0.999829,9984030,5851.43
7979.007,0.999854,9984274,6826.67
8069.119,0.999878,9984523,8192.00
8105.983,0.999890,9984642,9102.22
8146.943,0.999902,9984768,10240.00
8187.903,0.999915,9984884,11702.86
8232.959,0.999927,9985016,13653.33
8265.727,0.999939,9985133,16384.00
8282.111,0.999945,9985202,18204.44
8290.303,0.999951,9985249,20480.00
8306.687,0.999957,9985323,23405.71
8314.879,0.999963,9985377,27306.67
8327.167,0.999969,9985445,32768.00
8331.263,0.999973,9985477,36408.89
8335.359,0.999976,9985503,40960.00
8339.455,0.999979,9985542,46811.43
8343.551,0.999982,9985569,54613.33
8347.647,0.999985,9985606,65536.00
8347.647,0.999986,9985606,72817.78
8351.743,0.999988,9985632,81920.00
8351.743,0.999989,9985632,93622.86
8355.839,0.999991,9985653,109226.67
8359.935,0.999992,9985688,131072.00
8359.935,0.999993,9985688,145635.56
8359.935,0.999994,9985688,163840.00
8359.935,0.999995,9985688,187245.71
8359.935,0.999995,9985688,218453.33
8364.031,0.999996,9985720,262144.00
8364.031,0.999997,9985720,291271.11
8364.031,0.999997,9985720,327680.00
8364.031,0.999997,9985720,374491.43
8364.031,0.999998,9985720,436906.67
8364.031,0.999998,9985720,524288.00
8364.031,0.999998,9985720,582542.22
8364.031,0.999998,9985720,655360.00
8364.031,0.999999,9985720,748982.86
8368.127,0.999999,9985748,873813.33
8368.127,1.000000,9985748,inf
