Value,Percentile,TotalCount,1/(1-Percentile)
43.679,0.000000,1,1.00
64.127,0.100000,995631,1.11
68.031,0.200000,2005954,1.25
71.231,0.300000,2987831,1.43
74.495,0.400000,3982900,1.67
78.207,0.500000,4984650,2.00
80.319,0.550000,5485615,2.22
82.687,0.600000,5984566,2.50
85.375,0.650000,6470863,2.86
88.639,0.700000,6976235,3.33
92.351,0.750000,7470610,4.00
94.399,0.775000,7719055,4.44
96.575,0.800000,7967385,5.00
98.879,0.825000,8212482,5.71
101.439,0.850000,8462453,6.67
104.319,0.875000,8713803,8.00
105.855,0.887500,8834057,8.89
107.647,0.900000,8962372,10.00
109.567,0.912500,9085085,11.43
111.807,0.925000,9209358,13.33
114.495,0.937500,9331723,16.00
116.159,0.943750,9394792,17.78
118.079,0.950000,9457163,20.00
120.383,0.956250,9519049,22.86
123.199,0.962500,9580642,26.67
126.975,0.968750,9643417,32.00
129.343,0.971875,9674033,35.56
132.351,0.975000,9705400,40.00
136.319,0.978125,9736676,45.71
141.823,0.981250,9767423,53.33
150.015,0.984375,9798307,64.00
155.775,0.985938,9814010,71.11
163.839,0.987500,9829549,80.00
181.375,0.989062,9844909,91.43
1135.615,0.990625,9860647,106.67
1157.119,0.992188,9876849,128.00
1164.287,0.992969,9883775,142.22
1172.479,0.993750,9891623,160.00
1181.695,0.994531,9900132,182.86
1189.887,0.995313,9907726,213.33
1198.079,0.996094,9915568,256.00
1202.175,0.996484,9919344,284.44
1206.271,0.996875,9923258,320.00
1210.367,0.997266,9927121,365.71
1214.463,0.997656,9931095,426.67
1218.559,0.998047,9935143,512.00
1220.607,0.998242,9937233,568.89
1221.631,0.998437,9938257,640.00
1223.679,0.998633,9940323,731.43
1225.727,0.998828,9942383,853.33
1227.775,0.999023,9944361,1024.00
1228.799,0.999121,9945370,1137.78
1229.823,0.999219,9946332,1280.00
1230.847,0.999316,9947275,1462.86
1231.871,0.999414,9948302,1706.67
1232.895,0.999512,9949331,2048.00
1233.919,0.999561,9950318,2275.56
1233.919,0.999609,9950318,2560.00
1234.943,0.999658,9951373,2925.71
1234.943,0.999707,9951373,3413.33
1234.943,0.999756,9951373,4096.00
1235.967,0.999780,9952343,4551.11
1235.967,0.999805,9952343,5120.00
1235.967,0.999829,9952343,5851.43
1235.967,0.999854,9952343,6826.67
1236.991,0.999878,9953369,8192.00
1236.991,0.999890,9953369,9102.22
1236.991,0.999902,9953369,10240.00
1236.991,0.999915,9953369,11702.86
1236.991,0.999927,9953369,13653.33
1236.991,0.999939,9953369,16384.00
1236.991,0.999945,9953369,18204.44
1236.991,0.999951,9953369,20480.00
1236.991,0.999957,9953369,23405.71
1238.015,0.999963,9954373,27306.67
1238.015,1.000000,9954373,inf
