Value,Percentile,TotalCount,1/(1-Percentile)
22.511,0.000000,1,1.00
57.439,0.100000,999884,1.11
86.975,0.200000,1999659,1.25
97.471,0.300000,2997810,1.43
106.111,0.400000,4001574,1.67
124.735,0.500000,4996820,2.00
142.591,0.550000,5494800,2.22
153.727,0.600000,5994670,2.50
165.503,0.650000,6493993,2.86
187.775,0.700000,6996468,3.33
201.087,0.750000,7495867,4.00
206.335,0.775000,7745523,4.44
211.711,0.800000,7995302,5.00
217.983,0.825000,8245118,5.71
227.071,0.850000,8492914,6.67
255.999,0.875000,8742147,8.00
271.871,0.887500,8866683,8.89
279.039,0.900000,8996460,10.00
283.903,0.912500,9117169,11.43
288.511,0.925000,9245883,13.33
292.863,0.937500,9368856,16.00
295.167,0.943750,9430152,17.78
297.727,0.950000,9493832,20.00
300.543,0.956250,9555852,22.86
303.871,0.962500,9617581,26.67
308.223,0.968750,9679400,32.00
311.039,0.971875,9710160,35.56
314.879,0.975000,9742320,40.00
319.999,0.978125,9772766,45.71
328.703,0.981250,9803447,53.33
352.767,0.984375,9834425,64.00
384.767,0.985938,9849949,71.11
429.055,0.987500,9865613,80.00
455.935,0.989062,9881228,91.43
471.551,0.990625,9896983,106.67
483.327,0.992188,9912620,128.00
488.703,0.992969,9920247,142.22
494.335,0.993750,9928075,160.00
500.479,0.994531,9935905,182.86
507.135,0.995313,9943694,213.33
514.815,0.996094,9951591,256.00
519.167,0.996484,9955332,284.44
524.287,0.996875,9959298,320.00
530.431,0.997266,9963257,365.71
538.111,0.997656,9967042,426.67
547.839,0.998047,9971065,512.00
552.959,0.998242,9972957,568.89
558.079,0.998437,9974852,640.00
563.711,0.998633,9976858,731.43
568.831,0.998828,9978777,853.33
573.951,0.999023,9980647,1024.00
577.023,0.999121,9981751,1137.78
579.583,0.999219,9982640,1280.00
582.655,0.999316,9983667,1462.86
585.727,0.999414,9984671,1706.67
588.799,0.999512,9985605,2048.00
590.335,0.999561,9986068,2275.56
591.871,0.999609,9986570,2560.00
593.407,0.999658,9987013,2925.71
595.455,0.999707,9987583,3413.33
596.991,0.999756,9987973,4096.00
598.015,0.999780,9988234,4551.11
599.039,0.999805,9988496,5120.00
600.063,0.999829,9988712,5851.43
601.599,0.999854,9989034,6826.67
602.623,0.999878,9989276,8192.00
603.135,0.999890,9989390,9102.22
603.647,0.999902,9989490,10240.00
604.159,0.999915,9989579,11702.86
604.671,0.999927,9989686,13653.33
605.695,0.999939,9989885,16384.00
605.695,0.999945,9989885,18204.44
606.207,0.999951,9989984,20480.00
606.207,0.999957,9989984,23405.71
606.719,0.999963,9990064,27306.67
607.231,0.999969,9990149,32768.00
607.231,0.999973,9990149,36408.89
607.743,0.999976,9990241,40960.00
607.743,0.999979,9990241,46811.43
607.743,0.999982,9990241,54613.33
608.255,0.999985,9990336,65536.00
608.255,0.999986,9990336,72817.78
608.255,0.999988,9990336,81920.00
608.255,0.999989,9990336,93622.86
608.255,0.999991,9990336,109226.67
608.255,0.999992,9990336,131072.00
608.255,0.999993,9990336,145635.56
608.767,0.999994,9990416,163840.00
608.767,1.000000,9990416,inf
