Value,Percentile,TotalCount,1/(1-Percentile)
42.175,0.000000,1,1.00
73.983,0.100000,1004290,1.11
81.023,0.200000,1997145,1.25
86.975,0.300000,3000322,1.43
93.119,0.400000,3996199,1.67
100.351,0.500000,4993337,2.00
104.511,0.550000,5491591,2.22
109.247,0.600000,5992473,2.50
114.815,0.650000,6489978,2.86
121.855,0.700000,6991234,3.33
131.327,0.750000,7492642,4.00
137.471,0.775000,7738790,4.44
145.407,0.800000,7990161,5.00
156.287,0.825000,8237248,5.71
175.359,0.850000,8487252,6.67
275.967,0.875000,8736411,8.00
785.407,0.887500,8861321,8.89
991.743,0.900000,8986059,10.00
1116.159,0.912500,9111367,11.43
1180.671,0.925000,9237287,13.33
1216.511,0.937500,9361811,16.00
1250.303,0.943750,9423862,17.78
1568.767,0.950000,9485258,20.00
1884.159,0.956250,9547780,22.86
2101.247,0.962500,9610474,26.67
2183.167,0.968750,9672781,32.00
2224.127,0.971875,9705148,35.56
2265.087,0.975000,9735556,40.00
2330.623,0.978125,9766082,45.71
2815.999,0.981250,9797144,53.33
3090.431,0.984375,9828495,64.00
3196.927,0.985938,9844175,71.11
3287.039,0.987500,9859678,80.00
3327.999,0.989062,9875620,91.43
3401.727,0.990625,9890958,106.67
3883.007,0.992188,9906344,128.00
4069.375,0.992969,9914289,142.22
4171.775,0.993750,9921964,160.00
4341.759,0.994531,9930006,182.86
4374.527,0.995313,9938218,213.33
4403.199,0.996094,9945458,256.00
4431.871,0.996484,9949272,284.44
4501.503,0.996875,9953202,320.00
4841.471,0.997266,9957063,365.71
5107.711,0.997656,9960990,426.67
5222.399,0.998047,9964903,512.00
5382.143,0.998242,9966858,568.89
5419.007,0.998437,9968907,640.00
5435.391,0.998633,9970817,731.43
5451.775,0.998828,9973116,853.33
5464.063,0.999023,9974678,1024.00
5476.351,0.999121,9975816,1137.78
5488.639,0.999219,9976613,1280.00
5517.311,0.999316,9977616,1462.86
5554.175,0.999414,9978519,1706.67
5668.863,0.999512,9979473,2048.00
5816.319,0.999561,9979966,2275.56
5902.335,0.999609,9980454,2560.00
5971.967,0.999658,9980941,2925.71
6074.367,0.999707,9981428,3413.33
6148.095,0.999756,9981956,4096.00
6164.479,0.999780,9982165,4551.11
6180.863,0.999805,9982424,5120.00
6193.151,0.999829,9982656,5851.43
6205.439,0.999854,9982911,6826.67
6217.727,0.999878,9983195,8192.00
6221.823,0.999890,9983272,9102.22
6230.015,0.999902,9983425,10240.00
6238.207,0.999915,9983556,11702.86
6242.303,0.999927,9983614,13653.33
6254.591,0.999939,9983745,16384.00
6262.783,0.999945,9983818,18204.44
6266.879,0.999951,9983864,20480.00
6275.071,0.999957,9983922,23405.71
6287.359,0.999963,9984008,27306.67
6295.551,0.999969,9984070,32768.00
6295.551,0.999973,9984070,36408.89
6303.743,0.999976,9984118,40960.00
6307.839,0.999979,9984145,46811.43
6311.935,0.999982,9984172,54613.33
6316.031,0.999985,9984198,65536.00
6320.127,0.999986,9984235,72817.78
6320.127,0.999988,9984235,81920.00
6324.223,0.999989,9984265,93622.86
6324.223,0.999991,9984265,109226.67
6328.319,0.999992,9984291,131072.00
6328.319,0.999993,9984291,145635.56
6328.319,0.999994,9984291,163840.00
6328.319,0.999995,9984291,187245.71
6332.415,0.999995,9984322,218453.33
6332.415,0.999996,9984322,262144.00
6332.415,0.999997,9984322,291271.11
6332.415,0.999997,9984322,327680.00
6332.415,0.999997,9984322,374491.43
6332.415,0.999998,9984322,436906.67
6336.511,0.999998,9984347,524288.00
6336.511,1.000000,9984347,inf
