Value,Percentile,TotalCount,1/(1-Percentile)
60.191,0.000000,1,1.00
96.831,0.100000,50336,1.11
103.679,0.200000,100519,1.25
109.055,0.300000,150957,1.43
114.111,0.400000,201194,1.67
119.231,0.500000,251289,2.00
121.919,0.550000,275964,2.22
124.863,0.600000,301459,2.50
127.999,0.650000,326371,2.86
131.455,0.700000,351180,3.33
135.551,0.750000,376522,4.00
137.855,0.775000,389052,4.44
140.415,0.800000,401569,5.00
143.359,0.825000,414129,5.71
146.815,0.850000,426594,6.67
150.911,0.875000,438946,8.00
153.471,0.887500,445289,8.89
156.287,0.900000,451526,10.00
159.615,0.912500,457824,11.43
163.455,0.925000,463944,13.33
168.191,0.937500,470281,16.00
170.879,0.943750,473389,17.78
173.951,0.950000,476611,20.00
177.279,0.956250,479675,22.86
181.247,0.962500,482780,26.67
185.983,0.968750,485959,32.00
188.543,0.971875,487489,35.56
191.487,0.975000,489069,40.00
194.943,0.978125,490620,45.71
199.039,0.981250,492192,53.33
203.775,0.984375,493729,64.00
206.591,0.985938,494520,71.11
209.919,0.987500,495318,80.00
213.631,0.989062,496085,91.43
218.111,0.990625,496866,106.67
223.359,0.992188,497645,128.00
226.559,0.992969,498040,142.22
229.631,0.993750,498434,160.00
233.215,0.994531,498819,182.86
237.951,0.995313,499214,213.33
243.199,0.996094,499604,256.00
246.655,0.996484,499795,284.44
250.751,0.996875,499990,320.00
255.487,0.997266,500188,365.71
261.119,0.997656,500383,426.67
268.799,0.998047,500584,512.00
274.175,0.998242,500678,568.89
280.831,0.998437,500778,640.00
290.815,0.998633,500876,731.43
302.847,0.998828,500972,853.33
314.879,0.999023,501068,1024.00
321.023,0.999121,501117,1137.78
331.007,0.999219,501167,1280.00
338.431,0.999316,501215,1462.86
353.279,0.999414,501265,1706.67
367.615,0.999512,501315,2048.00
379.647,0.999561,501337,2275.56
389.631,0.999609,501362,2560.00
408.063,0.999658,501386,2925.71
423.935,0.999707,501411,3413.33
446.207,0.999756,501435,4096.00
456.703,0.999780,501447,4551.11
461.311,0.999805,501460,5120.00
472.063,0.999829,501472,5851.43
479.999,0.999854,501484,6826.67
489.215,0.999878,501496,8192.00
495.871,0.999890,501502,9102.22
503.807,0.999902,501509,10240.00
507.391,0.999915,501516,11702.86
512.767,0.999927,501521,13653.33
520.191,0.999939,501527,16384.00
525.311,0.999945,501531,18204.44
528.383,0.999951,501533,20480.00
533.503,0.999957,501536,23405.71
536.575,0.999963,501539,27306.67
538.623,0.999969,501542,32768.00
543.231,0.999973,501544,36408.89
543.743,0.999976,501545,40960.00
545.791,0.999979,501548,46811.43
545.791,0.999982,501548,54613.33
551.423,0.999985,501550,65536.00
551.935,0.999986,501551,72817.78
551.935,0.999988,501551,81920.00
553.471,0.999989,501552,93622.86
555.519,0.999991,501553,109226.67
556.543,0.999992,501554,131072.00
556.543,0.999993,501554,145635.56
556.543,0.999994,501554,163840.00
558.591,0.999995,501555,187245.71
558.591,0.999995,501555,218453.33
564.735,0.999996,501556,262144.00
564.735,0.999997,501556,291271.11
564.735,0.999997,501556,327680.00
564.735,0.999997,501556,374491.43
564.735,0.999998,501556,436906.67
566.783,0.999998,501557,524288.00
566.783,1.000000,501557,inf
