Value,Percentile,TotalCount,1/(1-Percentile)
25.343,0.000000,1,1.00
90.559,0.100000,947393,1.11
103.423,0.200000,1895503,1.25
111.679,0.300000,2848890,1.43
118.591,0.400000,3790552,1.67
125.311,0.500000,4742973,2.00
128.703,0.550000,5209152,2.22
132.351,0.600000,5685702,2.50
136.319,0.650000,6168948,2.86
140.543,0.700000,6636036,3.33
145.279,0.750000,7102035,4.00
147.967,0.775000,7339225,4.44
150.911,0.800000,7576746,5.00
154.239,0.825000,7817949,5.71
157.951,0.850000,8055542,6.67
162.175,0.875000,8287982,8.00
164.607,0.887500,8404917,8.89
167.423,0.900000,8526613,10.00
170.495,0.912500,8643753,11.43
174.079,0.925000,8762461,13.33
178.303,0.937500,8880100,16.00
180.735,0.943750,8938178,17.78
183.551,0.950000,8998194,20.00
186.623,0.956250,9055815,22.86
190.335,0.962500,9115506,26.67
194.687,0.968750,9174610,32.00
197.119,0.971875,9203260,35.56
199.935,0.975000,9233034,40.00
203.135,0.978125,9262833,45.71
206.719,0.981250,9292243,53.33
210.943,0.984375,9321604,64.00
213.375,0.985938,9336571,71.11
215.935,0.987500,9350945,80.00
219.007,0.989062,9366043,91.43
222.335,0.990625,9380929,106.67
226.175,0.992188,9395706,128.00
228.223,0.992969,9402832,142.22
230.527,0.993750,9410214,160.00
233.087,0.994531,9417650,182.86
235.903,0.995313,9425052,213.33
238.975,0.996094,9432347,256.00
240.767,0.996484,9436255,284.44
242.559,0.996875,9439849,320.00
244.479,0.997266,9443427,365.71
246.655,0.997656,9447234,426.67
248.959,0.998047,9450943,512.00
250.239,0.998242,9452843,568.89
251.391,0.998437,9454540,640.00
252.799,0.998633,9456434,731.43
254.207,0.998828,9458230,853.33
255.743,0.999023,9460100,1024.00
256.511,0.999121,9460993,1137.78
257.407,0.999219,9461949,1280.00
258.303,0.999316,9462948,1462.86
259.199,0.999414,9463806,1706.67
260.095,0.999512,9464721,2048.00
260.607,0.999561,9465270,2275.56
260.991,0.999609,9465611,2560.00
261.503,0.999658,9466109,2925.71
262.015,0.999707,9466611,3413.33
262.655,0.999756,9467174,4096.00
262.911,0.999780,9467396,4551.11
263.167,0.999805,9467620,5120.00
263.423,0.999829,9467824,5851.43
263.679,0.999854,9468021,6826.67
263.935,0.999878,9468240,8192.00
264.191,0.999890,9468476,9102.22
264.191,0.999902,9468476,10240.00
264.447,0.999915,9468678,11702.86
264.447,0.999927,9468678,13653.33
264.703,0.999939,9468914,16384.00
264.703,0.999945,9468914,18204.44
264.703,0.999951,9468914,20480.00
264.703,0.999957,9468914,23405.71
264.959,0.999963,9469101,27306.67
264.959,0.999969,9469101,32768.00
264.959,0.999973,9469101,36408.89
264.959,0.999976,9469101,40960.00
264.959,0.999979,9469101,46811.43
265.215,0.999982,9469352,54613.33
265.215,1.000000,9469352,inf
