Value,Percentile,TotalCount,1/(1-Percentile)
22.031,0.000000,1,1.00
42.911,0.100000,949763,1.11
76.991,0.200000,1900007,1.25
82.751,0.300000,2851987,1.43
88.319,0.400000,3796708,1.67
95.359,0.500000,4752659,2.00
98.943,0.550000,5226546,2.22
102.847,0.600000,5701537,2.50
107.263,0.650000,6169803,2.86
112.447,0.700000,6644598,3.33
118.207,0.750000,7123205,4.00
121.215,0.775000,7358986,4.44
124.415,0.800000,7595591,5.00
127.935,0.825000,7831539,5.71
132.095,0.850000,8072298,6.67
136.959,0.875000,8308982,8.00
139.647,0.887500,8423373,8.89
142.719,0.900000,8542733,10.00
146.175,0.912500,8664778,11.43
149.759,0.925000,8780611,13.33
153.855,0.937500,8899494,16.00
156.159,0.943750,8960251,17.78
158.591,0.950000,9017860,20.00
161.407,0.956250,9075998,22.86
164.863,0.962500,9137006,26.67
168.959,0.968750,9195364,32.00
171.391,0.971875,9224631,35.56
174.207,0.975000,9254920,40.00
177.279,0.978125,9283955,45.71
180.863,0.981250,9313308,53.33
185.215,0.984375,9343134,64.00
187.775,0.985938,9358335,71.11
190.591,0.987500,9373021,80.00
193.791,0.989062,9387633,91.43
197.631,0.990625,9402497,106.67
202.239,0.992188,9417308,128.00
204.927,0.992969,9424547,142.22
208.127,0.993750,9432054,160.00
211.839,0.994531,9439322,182.86
216.831,0.995313,9446719,213.33
223.743,0.996094,9454060,256.00
228.863,0.996484,9457765,284.44
235.775,0.996875,9461450,320.00
246.143,0.997266,9465176,365.71
257.407,0.997656,9468872,426.67
269.823,0.998047,9472597,512.00
276.991,0.998242,9474489,568.89
283.647,0.998437,9476322,640.00
289.023,0.998633,9478191,731.43
293.887,0.998828,9480046,853.33
298.495,0.999023,9481913,1024.00
300.799,0.999121,9482829,1137.78
303.103,0.999219,9483761,1280.00
305.663,0.999316,9484689,1462.86
308.223,0.999414,9485625,1706.67
310.783,0.999512,9486479,2048.00
312.319,0.999561,9486943,2275.56
314.111,0.999609,9487458,2560.00
315.647,0.999658,9487876,2925.71
317.695,0.999707,9488383,3413.33
319.487,0.999756,9488809,4096.00
320.767,0.999780,9489078,4551.11
321.791,0.999805,9489271,5120.00
323.071,0.999829,9489512,5851.43
324.351,0.999854,9489728,6826.67
325.887,0.999878,9489966,8192.00
326.655,0.999890,9490082,9102.22
327.423,0.999902,9490212,10240.00
327.935,0.999915,9490298,11702.86
328.959,0.999927,9490445,13653.33
329.727,0.999939,9490550,16384.00
330.239,0.999945,9490620,18204.44
330.495,0.999951,9490662,20480.00
330.751,0.999957,9490709,23405.71
331.263,0.999963,9490773,27306.67
331.775,0.999969,9490842,32768.00
332.031,0.999973,9490881,36408.89
332.031,0.999976,9490881,40960.00
332.287,0.999979,9490920,46811.43
332.543,0.999982,9490948,54613.33
332.799,0.999985,9490977,65536.00
333.055,0.999986,9491010,72817.78
333.055,0.999988,9491010,81920.00
333.055,0.999989,9491010,93622.86
333.311,0.999991,9491041,109226.67
333.311,0.999992,9491041,131072.00
333.567,0.999993,9491068,145635.56
333.567,0.999994,9491068,163840.00
333.567,0.999995,9491068,187245.71
333.567,0.999995,9491068,218453.33
333.823,0.999996,9491101,262144.00
333.823,0.999997,9491101,291271.11
333.823,0.999997,9491101,327680.00
333.823,0.999997,9491101,374491.43
333.823,0.999998,9491101,436906.67
333.823,0.999998,9491101,524288.00
333.823,0.999998,9491101,582542.22
333.823,0.999998,9491101,655360.00
333.823,0.999999,9491101,748982.86
333.823,0.999999,9491101,873813.33
333.823,0.999999,9491101,1048576.00
333.823,0.999999,9491101,1165084.44
333.823,0.999999,9491101,1310720.00
334.079,0.999999,9491126,1497965.71
334.079,1.000000,9491126,inf
