Value,Percentile,TotalCount,1/(1-Percentile)
41.151,0.000000,1,1.00
71.487,0.100000,1001098,1.11
79.487,0.200000,2004669,1.25
85.119,0.300000,3000153,1.43
90.751,0.400000,3993853,1.67
97.215,0.500000,4994097,2.00
100.863,0.550000,5490247,2.22
104.895,0.600000,5989428,2.50
109.503,0.650000,6492717,2.86
114.943,0.700000,6987178,3.33
122.111,0.750000,7486169,4.00
126.783,0.775000,7737428,4.44
132.479,0.800000,7986725,5.00
139.903,0.825000,8235501,5.71
150.271,0.850000,8483811,6.67
167.935,0.875000,8733443,8.00
185.087,0.887500,8858153,8.89
231.295,0.900000,8982753,10.00
833.535,0.912500,9107475,11.43
1085.439,0.925000,9232597,13.33
1192.959,0.937500,9358577,16.00
1225.727,0.943750,9420164,17.78
1387.519,0.950000,9481777,20.00
1848.319,0.956250,9544453,22.86
2109.439,0.962500,9607497,26.67
2158.591,0.968750,9670138,32.00
2197.503,0.971875,9700202,35.56
2275.327,0.975000,9731673,40.00
2725.887,0.978125,9762543,45.71
3004.415,0.981250,9793693,53.33
3205.119,0.984375,9826011,64.00
3231.743,0.985938,9840602,71.11
3297.279,0.987500,9856324,80.00
3606.527,0.989062,9871595,91.43
4012.031,0.990625,9887238,106.67
4263.935,0.992188,9903542,128.00
4300.799,0.992969,9910712,142.22
4366.335,0.993750,9918528,160.00
4419.583,0.994531,9926199,182.86
4792.319,0.995313,9933990,213.33
5144.575,0.996094,9941822,256.00
5287.935,0.996484,9945674,284.44
5345.279,0.996875,9949803,320.00
5423.103,0.997266,9953500,365.71
5464.063,0.997656,9957525,426.67
5521.407,0.998047,9961267,512.00
5685.247,0.998242,9963217,568.89
6021.119,0.998437,9965167,640.00
6213.631,0.998633,9967141,731.43
6369.279,0.998828,9969111,853.33
6483.967,0.999023,9971022,1024.00
6512.639,0.999121,9972168,1137.78
6533.119,0.999219,9973089,1280.00
6557.695,0.999316,9974073,1462.86
6590.463,0.999414,9974971,1706.67
6668.287,0.999512,9975892,2048.00
6799.359,0.999561,9976377,2275.56
6946.815,0.999609,9976870,2560.00
7028.735,0.999658,9977353,2925.71
7127.039,0.999707,9977849,3413.33
7217.151,0.999756,9978335,4096.00
7241.727,0.999780,9978603,4551.11
7258.111,0.999805,9978822,5120.00
7274.495,0.999829,9979069,5851.43
7290.879,0.999854,9979360,6826.67
7303.167,0.999878,9979561,8192.00
7311.359,0.999890,9979706,9102.22
7319.551,0.999902,9979814,10240.00
7327.743,0.999915,9979914,11702.86
7340.031,0.999927,9980038,13653.33
7352.319,0.999939,9980157,16384.00
7360.511,0.999945,9980224,18204.44
7368.703,0.999951,9980286,20480.00
7376.895,0.999957,9980348,23405.71
7385.087,0.999963,9980397,27306.67
7397.375,0.999969,9980474,32768.00
7401.471,0.999973,9980495,36408.89
7405.567,0.999976,9980525,40960.00
7409.663,0.999979,9980546,46811.43
7413.759,0.999982,9980576,54613.33
7421.951,0.999985,9980636,65536.00
7421.951,0.999986,9980636,72817.78
7426.047,0.999988,9980655,81920.00
7426.047,0.999989,9980655,93622.86
7430.143,0.999991,9980690,109226.67
7430.143,0.999992,9980690,131072.00
7430.143,0.999993,9980690,145635.56
7434.239,0.999994,9980721,163840.00
7434.239,0.999995,9980721,187245.71
7434.239,0.999995,9980721,218453.33
7434.239,0.999996,9980721,262144.00
7438.335,0.999997,9980742,291271.11
7438.335,0.999997,9980742,327680.00
7438.335,0.999997,9980742,374491.43
7438.335,0.999998,9980742,436906.67
7438.335,0.999998,9980742,524288.00
7438.335,0.999998,9980742,582542.22
7442.431,0.999998,9980767,655360.00
7442.431,1.000000,9980767,inf
