Value,Percentile,TotalCount,1/(1-Percentile)
30.319,0.000000,1,1.00
62.111,0.100000,500641,1.11
67.327,0.200000,1005082,1.25
71.807,0.300000,1499461,1.43
76.479,0.400000,2003176,1.67
81.407,0.500000,2503210,2.00
84.031,0.550000,2753535,2.22
86.719,0.600000,2999791,2.50
89.599,0.650000,3252328,2.86
92.607,0.700000,3501604,3.33
95.871,0.750000,3748648,4.00
97.663,0.775000,3873541,4.44
99.647,0.800000,3999582,5.00
101.823,0.825000,4123557,5.71
104.383,0.850000,4249228,6.67
107.455,0.875000,4374349,8.00
109.311,0.887500,4436672,8.89
111.423,0.900000,4497266,10.00
114.111,0.912500,4560727,11.43
117.439,0.925000,4622863,13.33
121.983,0.937500,4684802,16.00
124.991,0.943750,4716098,17.78
128.703,0.950000,4747263,20.00
133.375,0.956250,4778991,22.86
139.135,0.962500,4809969,26.67
146.431,0.968750,4840844,32.00
150.911,0.971875,4856639,35.56
156.031,0.975000,4872004,40.00
162.047,0.978125,4887791,45.71
168.959,0.981250,4903213,53.33
177.151,0.984375,4918905,64.00
181.759,0.985938,4926705,71.11
186.879,0.987500,4934494,80.00
192.383,0.989062,4942280,91.43
198.271,0.990625,4950031,106.67
204.927,0.992188,4957890,128.00
208.511,0.992969,4961810,142.22
212.223,0.993750,4965620,160.00
216.447,0.994531,4969582,182.86
221.183,0.995313,4973496,213.33
226.303,0.996094,4977365,256.00
229.247,0.996484,4979366,284.44
232.319,0.996875,4981306,320.00
235.647,0.997266,4983194,365.71
239.487,0.997656,4985153,426.67
243.839,0.998047,4987110,512.00
246.271,0.998242,4988114,568.89
248.703,0.998437,4989043,640.00
251.775,0.998633,4990047,731.43
254.847,0.998828,4991032,853.33
258.175,0.999023,4991968,1024.00
259.967,0.999121,4992458,1137.78
262.143,0.999219,4992957,1280.00
264.447,0.999316,4993467,1462.86
266.495,0.999414,4993930,1706.67
269.055,0.999512,4994449,2048.00
270.335,0.999561,4994676,2275.56
271.615,0.999609,4994905,2560.00
273.151,0.999658,4995178,2925.71
274.687,0.999707,4995416,3413.33
276.223,0.999756,4995641,4096.00
277.247,0.999780,4995777,4551.11
278.015,0.999805,4995872,5120.00
279.039,0.999829,4996007,5851.43
279.807,0.999854,4996123,6826.67
280.831,0.999878,4996261,8192.00
281.343,0.999890,4996325,9102.22
281.855,0.999902,4996385,10240.00
282.367,0.999915,4996446,11702.86
282.879,0.999927,4996502,13653.33
283.391,0.999939,4996552,16384.00
283.647,0.999945,4996576,18204.44
283.903,0.999951,4996612,20480.00
284.159,0.999957,4996640,23405.71
284.671,0.999963,4996693,27306.67
284.927,0.999969,4996720,32768.00
284.927,0.999973,4996720,36408.89
285.183,0.999976,4996746,40960.00
285.183,0.999979,4996746,46811.43
285.439,0.999982,4996781,54613.33
285.439,0.999985,4996781,65536.00
285.439,0.999986,4996781,72817.78
285.695,0.999988,4996817,81920.00
285.695,0.999989,4996817,93622.86
285.695,0.999991,4996817,109226.67
285.695,0.999992,4996817,131072.00
285.695,0.999993,4996817,145635.56
285.695,0.999994,4996817,163840.00
285.951,0.999995,4996850,187245.71
285.951,1.000000,4996850,inf
