Value,Percentile,TotalCount,1/(1-Percentile)
23.519,0.000000,1,1.00
74.047,0.100000,997876,1.11
115.071,0.200000,1996626,1.25
127.551,0.300000,2999100,1.43
137.471,0.400000,4000280,1.67
147.327,0.500000,4992578,2.00
152.831,0.550000,5491875,2.22
159.103,0.600000,5991453,2.50
166.655,0.650000,6489566,2.86
176.383,0.700000,6987047,3.33
189.439,0.750000,7485465,4.00
197.247,0.775000,7736732,4.44
205.567,0.800000,7986006,5.00
214.271,0.825000,8234264,5.71
223.487,0.850000,8484685,6.67
233.343,0.875000,8733301,8.00
238.591,0.887500,8856471,8.89
244.351,0.900000,8983216,10.00
250.367,0.912500,9105473,11.43
257.151,0.925000,9230739,13.33
264.959,0.937500,9358531,16.00
269.055,0.943750,9417894,17.78
273.919,0.950000,9482599,20.00
279.039,0.956250,9543485,22.86
284.927,0.962500,9605613,26.67
291.839,0.968750,9668075,32.00
295.679,0.971875,9699189,35.56
300.031,0.975000,9730309,40.00
304.895,0.978125,9761467,45.71
310.271,0.981250,9791452,53.33
316.927,0.984375,9823600,64.00
320.511,0.985938,9838764,71.11
324.607,0.987500,9854340,80.00
329.215,0.989062,9870096,91.43
334.335,0.990625,9885434,106.67
340.223,0.992188,9900545,128.00
343.807,0.992969,9908824,142.22
347.391,0.993750,9916400,160.00
351.487,0.994531,9924224,182.86
356.095,0.995313,9931766,213.33
361.471,0.996094,9939770,256.00
364.287,0.996484,9943564,284.44
367.359,0.996875,9947423,320.00
370.687,0.997266,9951242,365.71
374.527,0.997656,9955276,426.67
378.623,0.998047,9959184,512.00
380.927,0.998242,9961112,568.89
383.231,0.998437,9962973,640.00
385.791,0.998633,9964927,731.43
388.607,0.998828,9966910,853.33
391.423,0.999023,9968781,1024.00
392.959,0.999121,9969726,1137.78
394.751,0.999219,9970793,1280.00
396.287,0.999316,9971672,1462.86
398.079,0.999414,9972682,1706.67
400.127,0.999512,9973728,2048.00
401.151,0.999561,9974223,2275.56
402.175,0.999609,9974737,2560.00
402.943,0.999658,9975140,2925.71
403.967,0.999707,9975607,3413.33
404.991,0.999756,9976056,4096.00
405.503,0.999780,9976299,4551.11
406.015,0.999805,9976552,5120.00
406.527,0.999829,9976799,5851.43
407.039,0.999854,9977031,6826.67
407.807,0.999878,9977365,8192.00
408.063,0.999890,9977481,9102.22
408.319,0.999902,9977598,10240.00
408.575,0.999915,9977708,11702.86
408.831,0.999927,9977830,13653.33
409.087,0.999939,9977960,16384.00
409.087,0.999945,9977960,18204.44
409.343,0.999951,9978055,20480.00
409.599,0.999957,9978154,23405.71
409.599,0.999963,9978154,27306.67
409.855,0.999969,9978231,32768.00
409.855,0.999973,9978231,36408.89
410.111,0.999976,9978335,40960.00
410.111,0.999979,9978335,46811.43
410.111,0.999982,9978335,54613.33
410.111,0.999985,9978335,65536.00
410.367,0.999986,9978421,72817.78
410.367,0.999988,9978421,81920.00
410.367,0.999989,9978421,93622.86
410.367,0.999991,9978421,109226.67
410.367,0.999992,9978421,131072.00
410.367,0.999993,9978421,145635.56
410.623,0.999994,9978523,163840.00
410.623,1.000000,9978523,inf
