Value,Percentile,TotalCount,1/(1-Percentile)
40.319,0.000000,1,1.00
75.391,0.100000,999562,1.11
83.391,0.200000,2002860,1.25
89.599,0.300000,2995737,1.43
95.871,0.400000,4001053,1.67
102.719,0.500000,4998325,2.00
106.559,0.550000,5494878,2.22
110.911,0.600000,5990845,2.50
116.159,0.650000,6490313,2.86
122.751,0.700000,6987826,3.33
131.583,0.750000,7488535,4.00
137.343,0.775000,7738423,4.44
144.511,0.800000,7985036,5.00
154.495,0.825000,8234617,5.71
170.751,0.850000,8482594,6.67
218.879,0.875000,8732143,8.00
591.871,0.887500,8856878,8.89
924.159,0.900000,8981565,10.00
1094.655,0.912500,9106531,11.43
1180.671,0.925000,9232311,13.33
1224.703,0.937500,9356047,16.00
1276.927,0.943750,9418575,17.78
1700.863,0.950000,9480667,20.00
1921.023,0.956250,9543069,22.86
2127.871,0.962500,9608309,26.67
2174.975,0.968750,9668841,32.00
2222.079,0.971875,9699224,35.56
2285.567,0.975000,9730236,40.00
2701.311,0.978125,9761287,45.71
3014.655,0.981250,9792490,53.33
3201.023,0.984375,9823749,64.00
3246.079,0.985938,9839332,71.11
3330.047,0.987500,9854814,80.00
3629.055,0.989062,9870369,91.43
3995.647,0.990625,9885964,106.67
4247.551,0.992188,9901909,128.00
4280.319,0.992969,9909997,142.22
4349.951,0.993750,9917434,160.00
4395.007,0.994531,9925586,182.86
4468.735,0.995313,9932863,213.33
4980.735,0.996094,9940566,256.00
5132.287,0.996484,9944588,284.44
5271.551,0.996875,9948353,320.00
5349.375,0.997266,9952294,365.71
5427.199,0.997656,9956287,426.67
5459.967,0.998047,9960450,512.00
5476.351,0.998242,9962077,568.89
5517.311,0.998437,9964036,640.00
5767.167,0.998633,9965883,731.43
6082.559,0.998828,9967829,853.33
6230.015,0.999023,9969783,1024.00
6332.415,0.999121,9970751,1137.78
6422.527,0.999219,9971732,1280.00
6471.679,0.999316,9972732,1462.86
6496.255,0.999414,9973790,1706.67
6512.639,0.999512,9974753,2048.00
6520.831,0.999561,9975236,2275.56
6533.119,0.999609,9975793,2560.00
6545.407,0.999658,9976231,2925.71
6557.695,0.999707,9976610,3413.33
6582.271,0.999756,9977079,4096.00
6606.847,0.999780,9977349,4551.11
6651.903,0.999805,9977570,5120.00
6725.631,0.999829,9977819,5851.43
6811.647,0.999854,9978055,6826.67
6897.663,0.999878,9978306,8192.00
6922.239,0.999890,9978421,9102.22
6946.815,0.999902,9978552,10240.00
6967.295,0.999915,9978667,11702.86
6987.775,0.999927,9978797,13653.33
7008.255,0.999939,9978907,16384.00
7020.543,0.999945,9978979,18204.44
7028.735,0.999951,9979028,20480.00
7041.023,0.999957,9979109,23405.71
7049.215,0.999963,9979161,27306.67
7061.503,0.999969,9979237,32768.00
7065.599,0.999973,9979265,36408.89
7069.695,0.999976,9979288,40960.00
7073.791,0.999979,9979307,46811.43
7081.983,0.999982,9979357,54613.33
7086.079,0.999985,9979373,65536.00
7090.175,0.999986,9979400,72817.78
7090.175,0.999988,9979400,81920.00
7094.271,0.999989,9979419,93622.86
7098.367,0.999991,9979435,109226.67
7102.463,0.999992,9979456,131072.00
7102.463,0.999993,9979456,145635.56
7102.463,0.999994,9979456,163840.00
7106.559,0.999995,9979469,187245.71
7106.559,0.999995,9979469,218453.33
7110.655,0.999996,9979494,262144.00
7110.655,0.999997,9979494,291271.11
7110.655,0.999997,9979494,327680.00
7110.655,0.999997,9979494,374491.43
7110.655,0.999998,9979494,436906.67
7114.751,0.999998,9979509,524288.00
7114.751,0.999998,9979509,582542.22
7114.751,0.999998,9979509,655360.00
7114.751,0.999999,9979509,748982.86
7114.751,0.999999,9979509,873813.33
7114.751,0.999999,9979509,1048576.00
7114.751,0.999999,9979509,1165084.44
7114.751,0.999999,9979509,1310720.00
7114.751,0.999999,9979509,1497965.71
7114.751,0.999999,9979509,1747626.67
7118.847,1.000000,9979526,2097152.00
7118.847,1.000000,9979526,inf
