Value,Percentile,TotalCount,1/(1-Percentile)
39.871,0.000000,1,1.00
67.199,0.100000,999693,1.11
74.623,0.200000,1998404,1.25
81.087,0.300000,3002479,1.43
87.103,0.400000,4003299,1.67
93.695,0.500000,4999608,2.00
97.535,0.550000,5496703,2.22
101.951,0.600000,5995249,2.50
107.135,0.650000,6493680,2.86
113.535,0.700000,6994475,3.33
121.919,0.750000,7492837,4.00
127.295,0.775000,7741126,4.44
133.887,0.800000,7991229,5.00
142.335,0.825000,8241081,5.71
154.111,0.850000,8490640,6.67
175.231,0.875000,8739603,8.00
200.831,0.887500,8864207,8.89
407.807,0.900000,8988837,10.00
940.031,0.912500,9113850,11.43
1123.327,0.925000,9239057,13.33
1191.935,0.937500,9364604,16.00
1219.583,0.943750,9427391,17.78
1306.623,0.950000,9488189,20.00
1854.463,0.956250,9550686,22.86
2111.487,0.962500,9614202,26.67
2205.695,0.968750,9676087,32.00
2260.991,0.971875,9706705,35.56
2355.199,0.975000,9737944,40.00
2908.159,0.978125,9769139,45.71
3186.687,0.981250,9800496,53.33
3338.239,0.984375,9831773,64.00
3444.735,0.985938,9847134,71.11
3862.527,0.987500,9862760,80.00
4095.999,0.989062,9878502,91.43
4296.703,0.990625,9894124,106.67
4378.623,0.992188,9909736,128.00
4403.199,0.992969,9917689,142.22
4444.159,0.993750,9925734,160.00
4526.079,0.994531,9933041,182.86
5005.311,0.995313,9940814,213.33
5242.879,0.996094,9948617,256.00
5398.527,0.996484,9952594,284.44
5439.487,0.996875,9956605,320.00
5464.063,0.997266,9960416,365.71
5509.119,0.997656,9964313,426.67
5595.135,0.998047,9968117,512.00
5849.087,0.998242,9970020,568.89
6053.887,0.998437,9971982,640.00
6205.439,0.998633,9974017,731.43
6295.551,0.998828,9975865,853.33
6455.295,0.999023,9977817,1024.00
6492.159,0.999121,9979011,1137.78
6504.447,0.999219,9979825,1280.00
6516.735,0.999316,9980772,1462.86
6533.119,0.999414,9981965,1706.67
6545.407,0.999512,9982690,2048.00
6557.695,0.999561,9983286,2275.56
6569.983,0.999609,9983783,2560.00
6582.271,0.999658,9984250,2925.71
6594.559,0.999707,9984733,3413.33
6606.847,0.999756,9985180,4096.00
6615.039,0.999780,9985458,4551.11
6623.231,0.999805,9985737,5120.00
6627.327,0.999829,9985873,5851.43
6635.519,0.999854,9986111,6826.67
6647.807,0.999878,9986380,8192.00
6655.999,0.999890,9986498,9102.22
6664.191,0.999902,9986595,10240.00
6680.575,0.999915,9986741,11702.86
6701.055,0.999927,9986833,13653.33
6733.823,0.999939,9986955,16384.00
6758.399,0.999945,9987027,18204.44
6782.975,0.999951,9987093,20480.00
6803.455,0.999957,9987138,23405.71
6836.223,0.999963,9987203,27306.67
6860.799,0.999969,9987272,32768.00
6868.991,0.999973,9987292,36408.89
6881.279,0.999976,9987321,40960.00
6889.471,0.999979,9987351,46811.43
6901.759,0.999982,9987385,54613.33
6909.951,0.999985,9987417,65536.00
6914.047,0.999986,9987427,72817.78
6918.143,0.999988,9987443,81920.00
6926.335,0.999989,9987470,93622.86
6930.431,0.999991,9987483,109226.67
6934.527,0.999992,9987493,131072.00
6938.623,0.999993,9987512,145635.56
6938.623,0.999994,9987512,163840.00
6938.623,0.999995,9987512,187245.71
6942.719,0.999995,9987520,218453.33
6946.815,0.999996,9987535,262144.00
6946.815,0.999997,9987535,291271.11
6946.815,0.999997,9987535,327680.00
6950.911,0.999997,9987556,374491.43
6950.911,0.999998,9987556,436906.67
6950.911,0.999998,9987556,524288.00
6950.911,0.999998,9987556,582542.22
6950.911,0.999998,9987556,655360.00
6950.911,0.999999,9987556,748982.86
6950.911,0.999999,9987556,873813.33
6950.911,0.999999,9987556,1048576.00
6950.911,0.999999,9987556,1165084.44
6955.007,0.999999,9987569,1310720.00
6955.007,1.000000,9987569,inf
