Value,Percentile,TotalCount,1/(1-Percentile)
19.839,0.000000,1,1.00
100.223,0.100000,951360,1.11
109.183,0.200000,1894772,1.25
115.967,0.300000,2843012,1.43
122.111,0.400000,3790189,1.67
128.511,0.500000,4742977,2.00
131.967,0.550000,5211599,2.22
135.807,0.600000,5685178,2.50
140.159,0.650000,6164303,2.86
145.151,0.700000,6634973,3.33
151.167,0.750000,7104884,4.00
154.751,0.775000,7342337,4.44
158.847,0.800000,7580495,5.00
163.455,0.825000,7815057,5.71
168.959,0.850000,8054877,6.67
175.231,0.875000,8287422,8.00
178.943,0.887500,8408303,8.89
182.911,0.900000,8524420,10.00
187.519,0.912500,8643178,11.43
193.023,0.925000,8761519,13.33
199.935,0.937500,8880931,16.00
204.159,0.943750,8939516,17.78
209.151,0.950000,8998473,20.00
215.167,0.956250,9057228,22.86
222.719,0.962500,9115996,26.67
232.319,0.968750,9175126,32.00
238.079,0.971875,9205172,35.56
244.223,0.975000,9234751,40.00
250.623,0.978125,9264235,45.71
257.279,0.981250,9293683,53.33
264.191,0.984375,9323427,64.00
267.775,0.985938,9337880,71.11
271.615,0.987500,9352808,80.00
275.711,0.989062,9367800,91.43
280.063,0.990625,9382417,106.67
284.927,0.992188,9397533,128.00
287.487,0.992969,9404823,142.22
290.303,0.993750,9412128,160.00
293.375,0.994531,9419691,182.86
296.447,0.995313,9426674,213.33
300.031,0.996094,9434061,256.00
302.079,0.996484,9438008,284.44
304.127,0.996875,9441693,320.00
306.431,0.997266,9445497,365.71
308.735,0.997656,9449067,426.67
311.295,0.998047,9452643,512.00
312.575,0.998242,9454334,568.89
314.111,0.998437,9456244,640.00
315.647,0.998633,9458057,731.43
317.439,0.998828,9460020,853.33
319.231,0.999023,9461801,1024.00
320.255,0.999121,9462798,1137.78
321.279,0.999219,9463772,1280.00
322.303,0.999316,9464697,1462.86
323.327,0.999414,9465577,1706.67
324.351,0.999512,9466360,2048.00
325.119,0.999561,9466957,2275.56
325.631,0.999609,9467358,2560.00
326.143,0.999658,9467765,2925.71
326.911,0.999707,9468341,3413.33
327.423,0.999756,9468718,4096.00
327.679,0.999780,9468909,4551.11
328.191,0.999805,9469259,5120.00
328.447,0.999829,9469421,5851.43
328.959,0.999854,9469784,6826.67
329.215,0.999878,9469954,8192.00
329.215,0.999890,9469954,9102.22
329.471,0.999902,9470123,10240.00
329.727,0.999915,9470293,11702.86
329.727,0.999927,9470293,13653.33
329.983,0.999939,9470483,16384.00
329.983,0.999945,9470483,18204.44
330.239,0.999951,9470669,20480.00
330.239,0.999957,9470669,23405.71
330.239,0.999963,9470669,27306.67
330.495,0.999969,9470844,32768.00
330.495,0.999973,9470844,36408.89
330.495,0.999976,9470844,40960.00
330.495,0.999979,9470844,46811.43
330.495,0.999982,9470844,54613.33
330.495,0.999985,9470844,65536.00
330.751,0.999986,9471006,72817.78
330.751,1.000000,9471006,inf
