Value,Percentile,TotalCount,1/(1-Percentile)
52.735,0.000000,1,1.00
89.279,0.100000,50328,1.11
96.063,0.200000,100340,1.25
101.439,0.300000,150018,1.43
106.303,0.400000,199887,1.67
111.295,0.500000,250265,2.00
113.983,0.550000,275307,2.22
116.863,0.600000,300166,2.50
120.063,0.650000,325210,2.86
123.711,0.700000,349946,3.33
128.127,0.750000,375013,4.00
130.751,0.775000,387286,4.44
133.887,0.800000,399986,5.00
137.471,0.825000,412294,5.71
142.079,0.850000,424837,6.67
147.839,0.875000,437233,8.00
151.295,0.887500,443541,8.89
155.007,0.900000,449695,10.00
159.231,0.912500,456096,11.43
163.711,0.925000,462206,13.33
168.831,0.937500,468434,16.00
171.775,0.943750,471617,17.78
174.847,0.950000,474725,20.00
178.303,0.956250,477832,22.86
182.271,0.962500,480892,26.67
187.391,0.968750,484035,32.00
190.463,0.971875,485606,35.56
193.663,0.975000,487122,40.00
197.759,0.978125,488702,45.71
202.495,0.981250,490260,53.33
208.255,0.984375,491822,64.00
211.583,0.985938,492599,71.11
215.551,0.987500,493373,80.00
219.903,0.989062,494146,91.43
225.151,0.990625,494931,106.67
230.911,0.992188,495699,128.00
234.495,0.992969,496094,142.22
238.719,0.993750,496487,160.00
244.351,0.994531,496872,182.86
252.415,0.995313,497265,213.33
264.703,0.996094,497653,256.00
274.431,0.996484,497846,284.44
284.927,0.996875,498042,320.00
296.191,0.997266,498236,365.71
309.247,0.997656,498436,426.67
323.583,0.998047,498627,512.00
331.007,0.998242,498726,568.89
339.967,0.998437,498821,640.00
351.743,0.998633,498920,731.43
365.055,0.998828,499020,853.33
378.623,0.999023,499114,1024.00
386.815,0.999121,499163,1137.78
396.031,0.999219,499212,1280.00
408.063,0.999316,499260,1462.86
421.631,0.999414,499309,1706.67
432.639,0.999512,499358,2048.00
441.599,0.999561,499383,2275.56
449.279,0.999609,499406,2560.00
456.447,0.999658,499431,2925.71
463.103,0.999707,499455,3413.33
476.415,0.999756,499480,4096.00
481.791,0.999780,499492,4551.11
487.679,0.999805,499504,5120.00
494.847,0.999829,499516,5851.43
503.039,0.999854,499528,6826.67
520.703,0.999878,499541,8192.00
526.335,0.999890,499547,9102.22
534.015,0.999902,499553,10240.00
541.695,0.999915,499559,11702.86
552.959,0.999927,499565,13653.33
564.223,0.999939,499571,16384.00
570.367,0.999945,499575,18204.44
574.463,0.999951,499577,20480.00
581.631,0.999957,499580,23405.71
599.551,0.999963,499583,27306.67
612.863,0.999969,499586,32768.00
619.007,0.999973,499588,36408.89
621.567,0.999976,499589,40960.00
632.831,0.999979,499591,46811.43
635.903,0.999982,499592,54613.33
664.575,0.999985,499594,65536.00
676.351,0.999986,499595,72817.78
676.351,0.999988,499595,81920.00
688.127,0.999989,499596,93622.86
693.247,0.999991,499597,109226.67
714.239,0.999992,499598,131072.00
714.239,0.999993,499598,145635.56
714.239,0.999994,499598,163840.00
725.503,0.999995,499599,187245.71
725.503,0.999995,499599,218453.33
743.423,0.999996,499600,262144.00
743.423,0.999997,499600,291271.11
743.423,0.999997,499600,327680.00
743.423,0.999997,499600,374491.43
743.423,0.999998,499600,436906.67
769.535,0.999998,499601,524288.00
769.535,1.000000,499601,inf
