Value,Percentile,TotalCount,1/(1-Percentile)
24.543,0.000000,1,1.00
62.143,0.100000,500235,1.11
82.175,0.200000,999879,1.25
98.431,0.300000,1500278,1.43
107.327,0.400000,2001746,1.67
115.583,0.500000,2501095,2.00
120.063,0.550000,2749065,2.22
125.119,0.600000,2998158,2.50
131.071,0.650000,3249907,2.86
138.367,0.700000,3500514,3.33
147.839,0.750000,3750068,4.00
153.599,0.775000,3872603,4.44
160.383,0.800000,3999246,5.00
167.807,0.825000,4123771,5.71
175.871,0.850000,4248132,6.67
184.703,0.875000,4372941,8.00
189.567,0.887500,4435482,8.89
194.815,0.900000,4497193,10.00
200.703,0.912500,4560164,11.43
207.103,0.925000,4622190,13.33
214.143,0.937500,4684543,16.00
217.983,0.943750,4715845,17.78
222.079,0.950000,4746888,20.00
226.559,0.956250,4778752,22.86
231.423,0.962500,4809746,26.67
237.055,0.968750,4840964,32.00
240.255,0.971875,4856436,35.56
243.839,0.975000,4871923,40.00
247.935,0.978125,4887632,45.71
252.799,0.981250,4903220,53.33
258.687,0.984375,4918645,64.00
262.399,0.985938,4926484,71.11
266.751,0.987500,4934433,80.00
271.871,0.989062,4942070,91.43
278.271,0.990625,4949752,106.67
286.719,0.992188,4957673,128.00
291.583,0.992969,4961484,142.22
297.215,0.993750,4965406,160.00
303.615,0.994531,4969278,182.86
311.039,0.995313,4973217,213.33
319.487,0.996094,4977122,256.00
324.351,0.996484,4979077,284.44
329.727,0.996875,4981034,320.00
335.871,0.997266,4982936,365.71
343.295,0.997656,4984895,426.67
352.511,0.998047,4986829,512.00
358.143,0.998242,4987830,568.89
364.287,0.998437,4988785,640.00
371.967,0.998633,4989771,731.43
381.439,0.998828,4990725,853.33
392.959,0.999023,4991708,1024.00
399.359,0.999121,4992189,1137.78
406.527,0.999219,4992684,1280.00
414.463,0.999316,4993180,1462.86
422.655,0.999414,4993661,1706.67
431.359,0.999512,4994149,2048.00
435.967,0.999561,4994390,2275.56
440.575,0.999609,4994637,2560.00
445.183,0.999658,4994886,2925.71
450.047,0.999707,4995119,3413.33
455.679,0.999756,4995366,4096.00
458.239,0.999780,4995490,4551.11
461.055,0.999805,4995606,5120.00
463.615,0.999829,4995727,5851.43
466.687,0.999854,4995851,6826.67
469.247,0.999878,4995981,8192.00
470.527,0.999890,4996043,9102.22
471.551,0.999902,4996093,10240.00
473.087,0.999915,4996159,11702.86
474.367,0.999927,4996218,13653.33
475.903,0.999939,4996282,16384.00
476.415,0.999945,4996309,18204.44
476.927,0.999951,4996340,20480.00
477.951,0.999957,4996380,23405.71
478.719,0.999963,4996401,27306.67
479.487,0.999969,4996429,32768.00
479.999,0.999973,4996447,36408.89
480.255,0.999976,4996461,40960.00
480.767,0.999979,4996484,46811.43
481.023,0.999982,4996492,54613.33
481.279,0.999985,4996506,65536.00
481.535,0.999986,4996516,72817.78
481.791,0.999988,4996521,81920.00
482.047,0.999989,4996531,93622.86
482.303,0.999991,4996538,109226.67
482.559,0.999992,4996551,131072.00
482.559,0.999993,4996551,145635.56
482.559,0.999994,4996551,163840.00
482.815,0.999995,4996559,187245.71
482.815,0.999995,4996559,218453.33
483.071,0.999996,4996577,262144.00
483.071,0.999997,4996577,291271.11
483.071,0.999997,4996577,327680.00
483.071,0.999997,4996577,374491.43
483.071,0.999998,4996577,436906.67
483.071,0.999998,4996577,524288.00
483.071,0.999998,4996577,582542.22
483.071,0.999998,4996577,655360.00
483.071,0.999999,4996577,748982.86
483.071,0.999999,4996577,873813.33
483.071,0.999999,4996577,1048576.00
483.071,0.999999,4996577,1165084.44
483.071,0.999999,4996577,1310720.00
483.071,0.999999,4996577,1497965.71
483.071,0.999999,4996577,1747626.67
483.071,1.000000,4996577,2097152.00
483.071,1.000000,4996577,2330168.89
483.327,1.000000,4996595,2621440.00
483.327,1.000000,4996595,inf
