Value,Percentile,TotalCount,1/(1-Percentile)
27.503,0.000000,1,1.00
51.263,0.100000,500930,1.11
57.567,0.200000,1000124,1.25
63.167,0.300000,1500232,1.43
68.607,0.400000,2001868,1.67
73.727,0.500000,2499658,2.00
76.287,0.550000,2749280,2.22
78.975,0.600000,2997358,2.50
81.983,0.650000,3248963,2.86
85.375,0.700000,3496706,3.33
89.535,0.750000,3749615,4.00
91.903,0.775000,3871383,4.44
94.719,0.800000,3996280,5.00
98.111,0.825000,4122290,5.71
102.335,0.850000,4246817,6.67
107.839,0.875000,4371061,8.00
111.231,0.887500,4433407,8.89
115.135,0.900000,4496178,10.00
119.551,0.912500,4558700,11.43
124.543,0.925000,4620595,13.33
130.367,0.937500,4682958,16.00
133.887,0.943750,4715160,17.78
137.599,0.950000,4745433,20.00
142.207,0.956250,4777249,22.86
147.583,0.962500,4807813,26.67
154.623,0.968750,4839152,32.00
159.103,0.971875,4854897,35.56
164.223,0.975000,4870488,40.00
170.111,0.978125,4886044,45.71
176.767,0.981250,4901602,53.33
184.063,0.984375,4917314,64.00
187.903,0.985938,4924995,71.11
192.127,0.987500,4932867,80.00
196.479,0.989062,4940630,91.43
201.215,0.990625,4948449,106.67
206.335,0.992188,4956223,128.00
209.151,0.992969,4960121,142.22
212.223,0.993750,4963912,160.00
215.679,0.994531,4967791,182.86
219.647,0.995313,4971757,213.33
224.255,0.996094,4975680,256.00
226.943,0.996484,4977603,284.44
230.015,0.996875,4979498,320.00
233.727,0.997266,4981506,365.71
237.823,0.997656,4983406,426.67
243.199,0.998047,4985346,512.00
246.783,0.998242,4986344,568.89
250.239,0.998437,4987300,640.00
254.847,0.998633,4988292,731.43
260.735,0.998828,4989254,853.33
267.775,0.999023,4990224,1024.00
271.871,0.999121,4990725,1137.78
276.223,0.999219,4991199,1280.00
281.343,0.999316,4991695,1462.86
286.975,0.999414,4992186,1706.67
292.863,0.999512,4992674,2048.00
295.935,0.999561,4992912,2275.56
299.519,0.999609,4993163,2560.00
303.103,0.999658,4993406,2925.71
306.431,0.999707,4993645,3413.33
309.503,0.999756,4993894,4096.00
310.783,0.999780,4994003,4551.11
312.831,0.999805,4994134,5120.00
314.879,0.999829,4994252,5851.43
316.927,0.999854,4994384,6826.67
318.975,0.999878,4994505,8192.00
319.743,0.999890,4994554,9102.22
321.023,0.999902,4994625,10240.00
322.047,0.999915,4994682,11702.86
323.071,0.999927,4994741,13653.33
324.095,0.999939,4994806,16384.00
324.607,0.999945,4994832,18204.44
325.375,0.999951,4994862,20480.00
325.887,0.999957,4994899,23405.71
326.399,0.999963,4994930,27306.67
326.911,0.999969,4994956,32768.00
327.167,0.999973,4994972,36408.89
327.423,0.999976,4994988,40960.00
327.679,0.999979,4994999,46811.43
327.935,0.999982,4995009,54613.33
328.447,0.999985,4995040,65536.00
328.447,0.999986,4995040,72817.78
328.447,0.999988,4995040,81920.00
328.703,0.999989,4995060,93622.86
328.703,0.999991,4995060,109226.67
328.959,0.999992,4995072,131072.00
328.959,0.999993,4995072,145635.56
328.959,0.999994,4995072,163840.00
329.215,0.999995,4995083,187245.71
329.215,0.999995,4995083,218453.33
329.215,0.999996,4995083,262144.00
329.215,0.999997,4995083,291271.11
329.471,0.999997,4995098,327680.00
329.471,0.999997,4995098,374491.43
329.471,0.999998,4995098,436906.67
329.471,0.999998,4995098,524288.00
329.471,0.999998,4995098,582542.22
329.471,0.999998,4995098,655360.00
329.471,0.999999,4995098,748982.86
329.471,0.999999,4995098,873813.33
329.471,0.999999,4995098,1048576.00
329.471,0.999999,4995098,1165084.44
329.471,0.999999,4995098,1310720.00
329.471,0.999999,4995098,1497965.71
329.471,0.999999,4995098,1747626.67
329.471,1.000000,4995098,2097152.00
329.471,1.000000,4995098,2330168.89
329.727,1.000000,4995106,2621440.00
329.727,1.000000,4995106,inf
