Value,Percentile,TotalCount,1/(1-Percentile)
45.311,0.000000,1,1.00
67.263,0.100000,1004404,1.11
71.615,0.200000,2002245,1.25
75.199,0.300000,2992629,1.43
78.655,0.400000,4000842,1.67
82.239,0.500000,4987568,2.00
84.223,0.550000,5481437,2.22
86.399,0.600000,5980229,2.50
88.831,0.650000,6484402,2.86
91.455,0.700000,6973965,3.33
94.527,0.750000,7478393,4.00
96.191,0.775000,7722252,4.44
98.047,0.800000,7969483,5.00
100.159,0.825000,8222285,5.71
102.527,0.850000,8470725,6.67
105.279,0.875000,8717308,8.00
106.879,0.887500,8841254,8.89
108.735,0.900000,8968992,10.00
110.783,0.912500,9090976,11.43
113.279,0.925000,9215700,13.33
116.351,0.937500,9339858,16.00
118.207,0.943750,9401564,17.78
120.447,0.950000,9464976,20.00
123.071,0.956250,9526459,22.86
126.335,0.962500,9588623,26.67
130.495,0.968750,9651149,32.00
132.991,0.971875,9681896,35.56
136.063,0.975000,9713942,40.00
139.519,0.978125,9744052,45.71
143.999,0.981250,9775295,53.33
150.015,0.984375,9806565,64.00
153.983,0.985938,9822029,71.11
158.975,0.987500,9837369,80.00
166.527,0.989062,9852946,91.43
182.143,0.990625,9868506,106.67
325.887,0.992188,9884034,128.00
1166.335,0.992969,9891979,142.22
1186.815,0.993750,9899810,160.00
1198.079,0.994531,9907384,182.86
1207.295,0.995313,9916098,213.33
1214.463,0.996094,9923728,256.00
1217.535,0.996484,9927219,284.44
1220.607,0.996875,9930806,320.00
1224.703,0.997266,9935773,365.71
1227.775,0.997656,9939402,426.67
1230.847,0.998047,9943012,512.00
1232.895,0.998242,9945402,568.89
1233.919,0.998437,9946628,640.00
1235.967,0.998633,9949064,731.43
1238.015,0.998828,9951367,853.33
1239.039,0.999023,9952568,1024.00
1240.063,0.999121,9953678,1137.78
1241.087,0.999219,9954791,1280.00
1242.111,0.999316,9955974,1462.86
1243.135,0.999414,9957113,1706.67
1243.135,0.999512,9957113,2048.00
1244.159,0.999561,9958189,2275.56
1244.159,0.999609,9958189,2560.00
1245.183,0.999658,9959324,2925.71
1245.183,0.999707,9959324,3413.33
1246.207,0.999756,9960412,4096.00
1246.207,0.999780,9960412,4551.11
1246.207,0.999805,9960412,5120.00
1246.207,0.999829,9960412,5851.43
1246.207,0.999854,9960412,6826.67
1247.231,0.999878,9961446,8192.00
1247.231,0.999890,9961446,9102.22
1247.231,0.999902,9961446,10240.00
1247.231,0.999915,9961446,11702.86
1247.231,0.999927,9961446,13653.33
1247.231,0.999939,9961446,16384.00
1247.231,0.999945,9961446,18204.44
1247.231,0.999951,9961446,20480.00
1247.231,0.999957,9961446,23405.71
1248.255,0.999963,9962510,27306.67
1248.255,1.000000,9962510,inf
