Value,Percentile,TotalCount,1/(1-Percentile)
24.111,0.000000,1,1.00
79.039,0.100000,499570,1.11
105.919,0.200000,999034,1.25
116.735,0.300000,1501204,1.43
125.119,0.400000,1998700,1.67
133.375,0.500000,2502352,2.00
137.599,0.550000,2747697,2.22
142.335,0.600000,2997148,2.50
147.967,0.650000,3250057,2.86
155.007,0.700000,3499434,3.33
164.223,0.750000,3746717,4.00
169.855,0.775000,3871002,4.44
176.255,0.800000,3997393,5.00
183.167,0.825000,4121433,5.71
190.847,0.850000,4247006,6.67
199.295,0.875000,4371648,8.00
203.903,0.887500,4433820,8.89
208.767,0.900000,4495298,10.00
214.143,0.912500,4558536,11.43
219.903,0.925000,4621070,13.33
226.175,0.937500,4682306,16.00
229.759,0.943750,4714358,17.78
233.599,0.950000,4745675,20.00
237.823,0.956250,4776772,22.86
242.559,0.962500,4807608,26.67
248.191,0.968750,4838801,32.00
251.391,0.971875,4853977,35.56
255.231,0.975000,4869884,40.00
259.583,0.978125,4885480,45.71
264.703,0.981250,4900922,53.33
271.103,0.984375,4916785,64.00
274.687,0.985938,4924212,71.11
279.039,0.987500,4932156,80.00
283.903,0.989062,4939946,91.43
289.535,0.990625,4947807,106.67
295.935,0.992188,4955526,128.00
299.519,0.992969,4959333,142.22
303.615,0.993750,4963405,160.00
307.967,0.994531,4967272,182.86
312.831,0.995313,4971039,213.33
318.463,0.996094,4974992,256.00
321.535,0.996484,4976906,284.44
325.119,0.996875,4978953,320.00
328.703,0.997266,4980853,365.71
332.799,0.997656,4982770,426.67
337.663,0.998047,4984747,512.00
340.223,0.998242,4985698,568.89
343.295,0.998437,4986683,640.00
346.367,0.998633,4987657,731.43
349.695,0.998828,4988580,853.33
353.535,0.999023,4989576,1024.00
355.583,0.999121,4990046,1137.78
357.887,0.999219,4990530,1280.00
360.447,0.999316,4991047,1462.86
363.007,0.999414,4991527,1706.67
365.823,0.999512,4992005,2048.00
367.359,0.999561,4992241,2275.56
368.895,0.999609,4992485,2560.00
370.431,0.999658,4992708,2925.71
372.223,0.999707,4992987,3413.33
373.759,0.999756,4993196,4096.00
374.783,0.999780,4993342,4551.11
375.551,0.999805,4993451,5120.00
376.575,0.999829,4993582,5851.43
377.599,0.999854,4993714,6826.67
378.367,0.999878,4993818,8192.00
378.879,0.999890,4993872,9102.22
379.647,0.999902,4993951,10240.00
380.159,0.999915,4994014,11702.86
380.671,0.999927,4994074,13653.33
381.183,0.999939,4994128,16384.00
381.439,0.999945,4994157,18204.44
381.695,0.999951,4994178,20480.00
381.951,0.999957,4994207,23405.71
382.207,0.999963,4994241,27306.67
382.463,0.999969,4994263,32768.00
382.719,0.999973,4994289,36408.89
382.975,0.999976,4994324,40960.00
382.975,0.999979,4994324,46811.43
382.975,0.999982,4994324,54613.33
383.231,0.999985,4994345,65536.00
383.487,0.999986,4994377,72817.78
383.487,0.999988,4994377,81920.00
383.487,0.999989,4994377,93622.86
383.487,0.999991,4994377,109226.67
383.487,0.999992,4994377,131072.00
383.743,0.999993,4994406,145635.56
383.743,0.999994,4994406,163840.00
383.743,0.999995,4994406,187245.71
383.743,0.999995,4994406,218453.33
383.743,0.999996,4994406,262144.00
383.743,0.999997,4994406,291271.11
383.743,0.999997,4994406,327680.00
383.743,0.999997,4994406,374491.43
383.743,0.999998,4994406,436906.67
383.743,0.999998,4994406,524288.00
383.743,0.999998,4994406,582542.22
383.999,0.999998,4994433,655360.00
383.999,1.000000,4994433,inf
