Value,Percentile,TotalCount,1/(1-Percentile)
32.767,0.000000,1,1.00
60.991,0.100000,499580,1.11
67.583,0.200000,1000849,1.25
73.279,0.300000,1502054,1.43
78.783,0.400000,1995524,1.67
84.351,0.500000,2495834,2.00
87.167,0.550000,2744056,2.22
90.111,0.600000,2996451,2.50
93.183,0.650000,3246436,2.86
96.447,0.700000,3495541,3.33
99.967,0.750000,3743044,4.00
101.887,0.775000,3867997,4.44
103.999,0.800000,3993922,5.00
106.303,0.825000,4118063,5.71
108.991,0.850000,4242603,6.67
112.255,0.875000,4364840,8.00
114.303,0.887500,4427021,8.89
116.799,0.900000,4489692,10.00
119.871,0.912500,4551818,11.43
123.903,0.925000,4614383,13.33
129.279,0.937500,4676430,16.00
132.735,0.943750,4708069,17.78
136.831,0.950000,4739506,20.00
141.567,0.956250,4770469,22.86
147.199,0.962500,4801197,26.67
154.111,0.968750,4832454,32.00
158.079,0.971875,4847987,35.56
162.431,0.975000,4863665,40.00
167.167,0.978125,4879207,45.71
172.415,0.981250,4894897,53.33
178.175,0.984375,4910375,64.00
181.375,0.985938,4918151,71.11
184.831,0.987500,4925864,80.00
188.671,0.989062,4933666,91.43
193.023,0.990625,4941621,106.67
197.759,0.992188,4949253,128.00
200.447,0.992969,4953231,142.22
203.263,0.993750,4957098,160.00
206.463,0.994531,4960939,182.86
209.919,0.995313,4964879,213.33
214.015,0.996094,4968813,256.00
216.191,0.996484,4970741,284.44
218.623,0.996875,4972662,320.00
221.439,0.997266,4974609,365.71
224.383,0.997656,4976508,426.67
227.967,0.998047,4978477,512.00
229.887,0.998242,4979476,568.89
231.807,0.998437,4980418,640.00
234.239,0.998633,4981397,731.43
236.927,0.998828,4982368,853.33
239.743,0.999023,4983322,1024.00
241.279,0.999121,4983814,1137.78
242.943,0.999219,4984305,1280.00
244.735,0.999316,4984773,1462.86
246.655,0.999414,4985269,1706.67
248.703,0.999512,4985753,2048.00
249.727,0.999561,4985992,2275.56
250.879,0.999609,4986235,2560.00
252.159,0.999658,4986498,2925.71
253.311,0.999707,4986721,3413.33
254.591,0.999756,4986978,4096.00
255.231,0.999780,4987092,4551.11
255.871,0.999805,4987211,5120.00
256.767,0.999829,4987352,5851.43
257.279,0.999854,4987451,6826.67
258.047,0.999878,4987584,8192.00
258.431,0.999890,4987641,9102.22
258.815,0.999902,4987699,10240.00
259.199,0.999915,4987763,11702.86
259.583,0.999927,4987827,13653.33
259.967,0.999939,4987882,16384.00
260.223,0.999945,4987907,18204.44
260.479,0.999951,4987959,20480.00
260.607,0.999957,4987978,23405.71
260.735,0.999963,4988008,27306.67
260.863,0.999969,4988028,32768.00
260.991,0.999973,4988051,36408.89
261.119,0.999976,4988075,40960.00
261.119,0.999979,4988075,46811.43
261.375,0.999982,4988099,54613.33
261.503,0.999985,4988124,65536.00
261.503,0.999986,4988124,72817.78
261.503,0.999988,4988124,81920.00
261.631,0.999989,4988142,93622.86
261.631,0.999991,4988142,109226.67
261.631,0.999992,4988142,131072.00
261.759,0.999993,4988159,145635.56
261.759,0.999994,4988159,163840.00
261.759,0.999995,4988159,187245.71
261.759,0.999995,4988159,218453.33
261.887,0.999996,4988180,262144.00
261.887,1.000000,4988180,inf
