Value,Percentile,TotalCount,1/(1-Percentile)
46.751,0.000000,1,1.00
60.927,0.100000,1012702,1.11
62.847,0.200000,2008744,1.25
64.511,0.300000,3018127,1.43
66.111,0.400000,4016374,1.67
67.711,0.500000,5029526,2.00
68.479,0.550000,5516072,2.22
69.311,0.600000,6033711,2.50
70.143,0.650000,6527488,2.86
71.039,0.700000,7015678,3.33
72.063,0.750000,7506617,4.00
72.703,0.775000,7771917,4.44
73.343,0.800000,8004618,5.00
74.175,0.825000,8264523,5.71
75.135,0.850000,8510121,6.67
76.351,0.875000,8755196,8.00
77.119,0.887500,8879188,8.89
78.015,0.900000,9001227,10.00
79.103,0.912500,9123783,11.43
80.511,0.925000,9250319,13.33
82.367,0.937500,9376524,16.00
83.519,0.943750,9438373,17.78
84.863,0.950000,9498126,20.00
86.591,0.956250,9561076,22.86
88.767,0.962500,9624474,26.67
91.391,0.968750,9686389,32.00
92.927,0.971875,9717205,35.56
94.719,0.975000,9748583,40.00
96.831,0.978125,9779852,45.71
99.391,0.981250,9810873,53.33
102.655,0.984375,9842052,64.00
104.639,0.985938,9857590,71.11
107.007,0.987500,9873354,80.00
109.823,0.989062,9888826,91.43
113.535,0.990625,9904411,106.67
119.871,0.992188,9919937,128.00
126.399,0.992969,9927737,142.22
139.391,0.993750,9935573,160.00
149.375,0.994531,9943405,182.86
156.287,0.995313,9951225,213.33
163.455,0.996094,9959045,256.00
168.447,0.996484,9962866,284.44
179.199,0.996875,9966784,320.00
461.055,0.997266,9970674,365.71
1144.831,0.997656,9974718,426.67
1160.191,0.998047,9978665,512.00
1166.335,0.998242,9980591,568.89
1171.455,0.998437,9982451,640.00
1176.575,0.998633,9984389,731.43
1181.695,0.998828,9986417,853.33
1186.815,0.999023,9988553,1024.00
1188.863,0.999121,9989377,1137.78
1191.935,0.999219,9990636,1280.00
1193.983,0.999316,9991425,1462.86
1196.031,0.999414,9992172,1706.67
1199.103,0.999512,9993223,2048.00
1201.151,0.999561,9993835,2275.56
1202.175,0.999609,9994157,2560.00
1204.223,0.999658,9994777,2925.71
1206.271,0.999707,9995287,3413.33
1208.319,0.999756,9995797,4096.00
1209.343,0.999780,9996027,4551.11
1210.367,0.999805,9996235,5120.00
1211.391,0.999829,9996443,5851.43
1212.415,0.999854,9996624,6826.67
1213.439,0.999878,9996801,8192.00
1214.463,0.999890,9996978,9102.22
1215.487,0.999902,9997183,10240.00
1215.487,0.999915,9997183,11702.86
1216.511,0.999927,9997357,13653.33
1217.535,0.999939,9997528,16384.00
1217.535,0.999945,9997528,18204.44
1217.535,0.999951,9997528,20480.00
1218.559,0.999957,9997663,23405.71
1218.559,0.999963,9997663,27306.67
1219.583,0.999969,9997799,32768.00
1219.583,0.999973,9997799,36408.89
1219.583,0.999976,9997799,40960.00
1219.583,0.999979,9997799,46811.43
1220.607,0.999982,9997952,54613.33
1220.607,0.999985,9997952,65536.00
1220.607,0.999986,9997952,72817.78
1220.607,0.999988,9997952,81920.00
1220.607,0.999989,9997952,93622.86
1220.607,0.999991,9997952,109226.67
1220.607,0.999992,9997952,131072.00
1220.607,0.999993,9997952,145635.56
1220.607,0.999994,9997952,163840.00
1221.631,0.999995,9998084,187245.71
1221.631,1.000000,9998084,inf
