Value,Percentile,TotalCount,1/(1-Percentile)
33.407,0.000000,1,1.00
55.679,0.100000,2503777,1.11
60.383,0.200000,5014329,1.25
64.607,0.300000,7503094,1.43
68.735,0.400000,10028200,1.67
73.023,0.500000,12528444,2.00
75.327,0.550000,13753438,2.22
77.951,0.600000,15018979,2.50
80.831,0.650000,16257100,2.86
84.159,0.700000,17509690,3.33
88.127,0.750000,18755265,4.00
90.559,0.775000,19387436,4.44
93.375,0.800000,20006088,5.00
96.895,0.825000,20631684,5.71
101.375,0.850000,21253625,6.67
107.263,0.875000,21873983,8.00
110.911,0.887500,22185707,8.89
115.135,0.900000,22500948,10.00
119.935,0.912500,22813695,11.43
125.567,0.925000,23125245,13.33
132.607,0.937500,23435785,16.00
137.087,0.943750,23593966,17.78
142.335,0.950000,23747949,20.00
148.735,0.956250,23904182,22.86
156.415,0.962500,24060025,26.67
165.247,0.968750,24215983,32.00
170.111,0.971875,24296062,35.56
174.975,0.975000,24373331,40.00
180.095,0.978125,24450813,45.71
185.599,0.981250,24528918,53.33
191.743,0.984375,24607069,64.00
195.199,0.985938,24646604,71.11
198.911,0.987500,24685076,80.00
203.135,0.989062,24724391,91.43
207.871,0.990625,24762859,106.67
213.631,0.992188,24802026,128.00
217.087,0.992969,24821918,142.22
220.927,0.993750,24841236,160.00
225.535,0.994531,24860828,182.86
231.167,0.995313,24880075,213.33
238.847,0.996094,24899751,256.00
243.967,0.996484,24909278,284.44
250.879,0.996875,24919132,320.00
260.095,0.997266,24928829,365.71
273.407,0.997656,24938633,426.67
291.327,0.998047,24948365,512.00
301.567,0.998242,24953211,568.89
312.575,0.998437,24958115,640.00
324.607,0.998633,24962959,731.43
337.663,0.998828,24967892,853.33
352.255,0.999023,24972760,1024.00
361.215,0.999121,24975192,1137.78
372.735,0.999219,24977619,1280.00
388.095,0.999316,24980066,1462.86
411.135,0.999414,24982481,1706.67
439.807,0.999512,24984932,2048.00
455.167,0.999561,24986159,2275.56
471.551,0.999609,24987364,2560.00
488.959,0.999658,24988583,2925.71
506.879,0.999707,24989813,3413.33
528.383,0.999756,24991036,4096.00
540.159,0.999780,24991646,4551.11
553.983,0.999805,24992255,5120.00
569.855,0.999829,24992859,5851.43
588.799,0.999854,24993473,6826.67
618.495,0.999878,24994080,8192.00
642.047,0.999890,24994382,9102.22
681.983,0.999902,24994686,10240.00
744.447,0.999915,24994998,11702.86
821.759,0.999927,24995296,13653.33
905.215,0.999939,24995603,16384.00
943.615,0.999945,24995756,18204.44
974.847,0.999951,24995907,20480.00
1012.735,0.999957,24996059,23405.71
1051.647,0.999963,24996212,27306.67
1088.511,0.999969,24996367,32768.00
1108.991,0.999973,24996442,36408.89
1129.471,0.999976,24996523,40960.00
1147.903,0.999979,24996593,46811.43
1166.335,0.999982,24996671,54613.33
1186.815,0.999985,24996747,65536.00
1198.079,0.999986,24996784,72817.78
1206.271,0.999988,24996824,81920.00
1216.511,0.999989,24996860,93622.86
1228.799,0.999991,24996898,109226.67
1238.015,0.999992,24996937,131072.00
1243.135,0.999993,24996957,145635.56
1248.255,0.999994,24996975,163840.00
1254.399,0.999995,24996993,187245.71
1259.519,0.999995,24997012,218453.33
1265.663,0.999996,24997031,262144.00
1268.735,0.999997,24997041,291271.11
1272.831,0.999997,24997050,327680.00
1274.879,0.999997,24997061,374491.43
1276.927,0.999998,24997069,436906.67
1281.023,0.999998,24997080,524288.00
1283.071,0.999998,24997086,582542.22
1285.119,0.999998,24997090,655360.00
1286.143,0.999999,24997093,748982.86
1288.191,0.999999,24997103,873813.33
1288.191,0.999999,24997103,1048576.00
1290.239,0.999999,24997107,1165084.44
1290.239,0.999999,24997107,1310720.00
1292.287,0.999999,24997110,1497965.71
1293.311,0.999999,24997113,1747626.67
1294.335,1.000000,24997115,2097152.00
1296.383,1.000000,24997119,2330168.89
1296.383,1.000000,24997119,2621440.00
1296.383,1.000000,24997119,2995931.43
1296.383,1.000000,24997119,3495253.33
1297.407,1.000000,24997122,4194304.00
1297.407,1.000000,24997122,4660337.78
1297.407,1.000000,24997122,5242880.00
1297.407,1.000000,24997122,5991862.86
1298.431,1.000000,24997128,6990506.67
1298.431,1.000000,24997128,inf
