Value,Percentile,TotalCount,1/(1-Percentile)
23.855,0.000000,1,1.00
50.399,0.100000,2500885,1.11
85.247,0.200000,5000056,1.25
96.383,0.300000,7513749,1.43
105.087,0.400000,10011830,1.67
114.495,0.500000,12504548,2.00
120.063,0.550000,13757651,2.22
126.655,0.600000,15001192,2.50
134.911,0.650000,16254989,2.86
144.895,0.700000,17494946,3.33
156.287,0.750000,18745832,4.00
162.303,0.775000,19372491,4.44
168.575,0.800000,20000953,5.00
174.975,0.825000,20619283,5.71
181.887,0.850000,21247692,6.67
189.439,0.875000,21876082,8.00
193.535,0.887500,22187070,8.89
197.887,0.900000,22494048,10.00
202.751,0.912500,22807662,11.43
208.127,0.925000,23119037,13.33
214.399,0.937500,23434681,16.00
217.855,0.943750,23587676,17.78
221.823,0.950000,23745199,20.00
226.175,0.956250,23898409,22.86
231.423,0.962500,24055595,26.67
237.823,0.968750,24211753,32.00
241.663,0.971875,24289008,35.56
246.271,0.975000,24366938,40.00
252.031,0.978125,24445660,45.71
259.327,0.981250,24522636,53.33
269.567,0.984375,24600584,64.00
276.223,0.985938,24639621,71.11
284.415,0.987500,24679442,80.00
293.631,0.989062,24717629,91.43
304.127,0.990625,24756604,106.67
316.415,0.992188,24796171,128.00
323.583,0.992969,24815236,142.22
332.287,0.993750,24835098,160.00
342.015,0.994531,24854380,182.86
353.535,0.995313,24873931,213.33
369.151,0.996094,24893464,256.00
379.647,0.996484,24903049,284.44
393.215,0.996875,24912962,320.00
408.831,0.997266,24922546,365.71
424.959,0.997656,24932415,426.67
442.111,0.998047,24942135,512.00
452.095,0.998242,24947025,568.89
464.127,0.998437,24951852,640.00
478.975,0.998633,24956725,731.43
497.663,0.998828,24961621,853.33
519.935,0.999023,24966486,1024.00
531.967,0.999121,24969005,1137.78
544.255,0.999219,24971434,1280.00
557.567,0.999316,24973859,1462.86
572.415,0.999414,24976246,1706.67
590.847,0.999512,24978714,2048.00
601.599,0.999561,24979897,2275.56
613.375,0.999609,24981119,2560.00
628.223,0.999658,24982374,2925.71
644.095,0.999707,24983577,3413.33
665.087,0.999756,24984793,4096.00
677.887,0.999780,24985392,4551.11
692.735,0.999805,24985997,5120.00
710.143,0.999829,24986620,5851.43
729.599,0.999854,24987217,6826.67
752.127,0.999878,24987830,8192.00
764.415,0.999890,24988141,9102.22
778.239,0.999902,24988438,10240.00
793.599,0.999915,24988747,11702.86
808.959,0.999927,24989045,13653.33
827.391,0.999939,24989354,16384.00
835.583,0.999945,24989503,18204.44
846.335,0.999951,24989655,20480.00
858.623,0.999957,24989808,23405.71
870.911,0.999963,24989960,27306.67
883.711,0.999969,24990113,32768.00
891.391,0.999973,24990193,36408.89
896.511,0.999976,24990269,40960.00
902.655,0.999979,24990345,46811.43
909.823,0.999982,24990419,54613.33
917.503,0.999985,24990496,65536.00
920.575,0.999986,24990534,72817.78
923.647,0.999988,24990571,81920.00
926.719,0.999989,24990611,93622.86
931.839,0.999991,24990651,109226.67
935.423,0.999992,24990688,131072.00
936.959,0.999993,24990704,145635.56
939.007,0.999994,24990724,163840.00
941.567,0.999995,24990743,187245.71
945.151,0.999995,24990767,218453.33
947.199,0.999996,24990781,262144.00
948.735,0.999997,24990790,291271.11
949.759,0.999997,24990803,327680.00
950.783,0.999997,24990811,374491.43
951.807,0.999998,24990818,436906.67
953.343,0.999998,24990831,524288.00
953.855,0.999998,24990834,582542.22
954.367,0.999998,24990840,655360.00
954.879,0.999999,24990843,748982.86
955.903,0.999999,24990847,873813.33
956.927,0.999999,24990854,1048576.00
956.927,0.999999,24990854,1165084.44
957.439,0.999999,24990865,1310720.00
957.439,0.999999,24990865,1497965.71
957.439,0.999999,24990865,1747626.67
957.439,1.000000,24990865,2097152.00
957.439,1.000000,24990865,2330168.89
957.951,1.000000,24990868,2621440.00
957.951,1.000000,24990868,2995931.43
957.951,1.000000,24990868,3495253.33
958.975,1.000000,24990871,4194304.00
958.975,1.000000,24990871,4660337.78
958.975,1.000000,24990871,5242880.00
958.975,1.000000,24990871,5991862.86
959.487,1.000000,24990874,6990506.67
959.487,1.000000,24990874,8388608.00
959.487,1.000000,24990874,9320675.55
959.487,1.000000,24990874,10485760.00
959.487,1.000000,24990874,11983725.71
959.487,1.000000,24990874,13981013.34
959.487,1.000000,24990874,16777216.00
959.487,1.000000,24990874,18641351.10
959.487,1.000000,24990874,20971519.98
959.487,1.000000,24990874,23967451.45
959.999,1.000000,24990875,27962026.68
959.999,1.000000,24990875,inf
