Value,Percentile,TotalCount,1/(1-Percentile)
40.959,0.000000,1,1.00
66.623,0.100000,998586,1.11
74.175,0.200000,2004315,1.25
80.447,0.300000,3000554,1.43
86.207,0.400000,3994937,1.67
92.863,0.500000,4996310,2.00
96.831,0.550000,5495396,2.22
101.439,0.600000,5996694,2.50
106.815,0.650000,6492160,2.86
113.599,0.700000,6993338,3.33
122.559,0.750000,7489515,4.00
128.511,0.775000,7739423,4.44
135.935,0.800000,7990890,5.00
145.663,0.825000,8238013,5.71
160.639,0.850000,8488037,6.67
197.887,0.875000,8736870,8.00
417.791,0.887500,8861373,8.89
903.167,0.900000,8986192,10.00
1086.463,0.912500,9111368,11.43
1175.551,0.925000,9237865,13.33
1225.727,0.937500,9361359,16.00
1355.775,0.943750,9423056,17.78
1821.695,0.950000,9485420,20.00
2034.687,0.956250,9547854,22.86
2146.303,0.962500,9612268,26.67
2220.031,0.968750,9673249,32.00
2285.567,0.971875,9704256,35.56
2668.543,0.975000,9735064,40.00
2932.735,0.978125,9766270,45.71
3178.495,0.981250,9798504,53.33
3217.407,0.984375,9828650,64.00
3256.319,0.985938,9844655,71.11
3315.711,0.987500,9859834,80.00
3588.095,0.989062,9875461,91.43
4007.935,0.990625,9891100,106.67
4247.551,0.992188,9906736,128.00
4292.607,0.992969,9914654,142.22
4358.143,0.993750,9922376,160.00
4395.007,0.994531,9930492,182.86
4485.119,0.995313,9937849,213.33
5124.095,0.996094,9945654,256.00
5255.167,0.996484,9949577,284.44
5410.815,0.996875,9953564,320.00
5455.871,0.997266,9957751,365.71
5505.023,0.997656,9961284,426.67
5906.431,0.998047,9965152,512.00
6074.367,0.998242,9967094,568.89
6213.631,0.998437,9969155,640.00
6275.071,0.998633,9971056,731.43
6410.239,0.998828,9972959,853.33
6496.255,0.999023,9975083,1024.00
6504.447,0.999121,9975855,1137.78
6516.735,0.999219,9977212,1280.00
6524.927,0.999316,9978022,1462.86
6537.215,0.999414,9979086,1706.67
6549.503,0.999512,9979984,2048.00
6553.599,0.999561,9980272,2275.56
6565.887,0.999609,9980927,2560.00
6574.079,0.999658,9981233,2925.71
6590.463,0.999707,9981771,3413.33
6610.943,0.999756,9982193,4096.00
6635.519,0.999780,9982436,4551.11
6672.383,0.999805,9982682,5120.00
6737.919,0.999829,9982917,5851.43
6840.319,0.999854,9983162,6826.67
6946.815,0.999878,9983415,8192.00
6975.487,0.999890,9983553,9102.22
6995.967,0.999902,9983658,10240.00
7016.447,0.999915,9983772,11702.86
7041.023,0.999927,9983897,13653.33
7065.599,0.999939,9984014,16384.00
7081.983,0.999945,9984087,18204.44
7098.367,0.999951,9984141,20480.00
7114.751,0.999957,9984197,23405.71
7139.327,0.999963,9984264,27306.67
7159.807,0.999969,9984325,32768.00
7172.095,0.999973,9984360,36408.89
7180.287,0.999976,9984386,40960.00
7188.479,0.999979,9984413,46811.43
7200.767,0.999982,9984441,54613.33
7208.959,0.999985,9984473,65536.00
7213.055,0.999986,9984498,72817.78
7217.151,0.999988,9984523,81920.00
7217.151,0.999989,9984523,93622.86
7221.247,0.999991,9984536,109226.67
7225.343,0.999992,9984565,131072.00
7225.343,0.999993,9984565,145635.56
7225.343,0.999994,9984565,163840.00
7229.439,0.999995,9984596,187245.71
7229.439,0.999995,9984596,218453.33
7229.439,0.999996,9984596,262144.00
7229.439,0.999997,9984596,291271.11
7229.439,0.999997,9984596,327680.00
7233.535,0.999997,9984625,374491.43
7233.535,1.000000,9984625,inf
