Value,Percentile,TotalCount,1/(1-Percentile)
22.815,0.000000,1,1.00
48.319,0.100000,996697,1.11
61.279,0.200000,1993785,1.25
88.063,0.300000,2991674,1.43
99.519,0.400000,3990071,1.67
107.903,0.500000,4991175,2.00
111.615,0.550000,5483498,2.22
115.327,0.600000,5987993,2.50
118.911,0.650000,6479901,2.86
122.623,0.700000,6979180,3.33
126.527,0.750000,7478516,4.00
128.575,0.775000,7725629,4.44
130.815,0.800000,7976741,5.00
133.247,0.825000,8224851,5.71
136.063,0.850000,8480320,6.67
139.263,0.875000,8726171,8.00
141.183,0.887500,8852745,8.89
143.231,0.900000,8972083,10.00
145.663,0.912500,9097477,11.43
148.479,0.925000,9221693,13.33
151.935,0.937500,9346873,16.00
153.855,0.943750,9406719,17.78
156.159,0.950000,9471129,20.00
158.591,0.956250,9531397,22.86
161.535,0.962500,9594773,26.67
164.863,0.968750,9655990,32.00
166.783,0.971875,9686970,35.56
168.959,0.975000,9719001,40.00
171.263,0.978125,9748784,45.71
174.079,0.981250,9781115,53.33
177.151,0.984375,9811498,64.00
178.943,0.985938,9827155,71.11
180.863,0.987500,9842385,80.00
183.039,0.989062,9858008,91.43
185.599,0.990625,9874021,106.67
188.415,0.992188,9889197,128.00
190.079,0.992969,9897257,142.22
191.743,0.993750,9904663,160.00
193.663,0.994531,9912410,182.86
195.839,0.995313,9920169,213.33
198.271,0.996094,9927860,256.00
199.679,0.996484,9931917,284.44
201.215,0.996875,9935914,320.00
202.879,0.997266,9939657,365.71
204.671,0.997656,9943414,426.67
206.847,0.998047,9947457,512.00
207.999,0.998242,9949381,568.89
209.151,0.998437,9951192,640.00
210.559,0.998633,9953227,731.43
212.095,0.998828,9955238,853.33
213.631,0.999023,9957099,1024.00
214.527,0.999121,9958097,1137.78
215.423,0.999219,9959016,1280.00
216.447,0.999316,9959996,1462.86
217.599,0.999414,9961006,1706.67
218.751,0.999512,9961926,2048.00
219.391,0.999561,9962400,2275.56
220.031,0.999609,9962873,2560.00
220.671,0.999658,9963397,2925.71
221.439,0.999707,9963878,3413.33
222.207,0.999756,9964394,4096.00
222.591,0.999780,9964655,4551.11
222.975,0.999805,9964879,5120.00
223.359,0.999829,9965118,5851.43
223.743,0.999854,9965353,6826.67
224.127,0.999878,9965582,8192.00
224.383,0.999890,9965723,9102.22
224.511,0.999902,9965800,10240.00
224.767,0.999915,9965941,11702.86
225.023,0.999927,9966075,13653.33
225.151,0.999939,9966160,16384.00
225.279,0.999945,9966234,18204.44
225.407,0.999951,9966296,20480.00
225.535,0.999957,9966365,23405.71
225.663,0.999963,9966429,27306.67
225.791,0.999969,9966495,32768.00
225.791,0.999973,9966495,36408.89
225.919,0.999976,9966567,40960.00
225.919,0.999979,9966567,46811.43
226.047,0.999982,9966617,54613.33
226.047,0.999985,9966617,65536.00
226.175,0.999986,9966685,72817.78
226.175,0.999988,9966685,81920.00
226.175,0.999989,9966685,93622.86
226.175,0.999991,9966685,109226.67
226.175,0.999992,9966685,131072.00
226.303,0.999993,9966756,145635.56
226.303,0.999994,9966756,163840.00
226.303,0.999995,9966756,187245.71
226.303,0.999995,9966756,218453.33
226.303,0.999996,9966756,262144.00
226.303,0.999997,9966756,291271.11
226.303,0.999997,9966756,327680.00
226.303,0.999997,9966756,374491.43
226.303,0.999998,9966756,436906.67
226.303,0.999998,9966756,524288.00
226.303,0.999998,9966756,582542.22
226.303,0.999998,9966756,655360.00
226.303,0.999999,9966756,748982.86
226.303,0.999999,9966756,873813.33
226.303,0.999999,9966756,1048576.00
226.303,0.999999,9966756,1165084.44
226.303,0.999999,9966756,1310720.00
226.303,0.999999,9966756,1497965.71
226.303,0.999999,9966756,1747626.67
226.303,1.000000,9966756,2097152.00
226.303,1.000000,9966756,2330168.89
226.431,1.000000,9966827,2621440.00
226.431,1.000000,9966827,inf
