Value,Percentile,TotalCount,1/(1-Percentile)
35.103,0.000000,1,1.00
61.695,0.100000,500543,1.11
68.223,0.200000,998922,1.25
73.663,0.300000,1500767,1.43
78.847,0.400000,2001697,1.67
84.095,0.500000,2498052,2.00
86.975,0.550000,2751600,2.22
89.983,0.600000,2996600,2.50
93.439,0.650000,3246523,2.86
97.535,0.700000,3498616,3.33
102.527,0.750000,3746729,4.00
105.535,0.775000,3870573,4.44
109.119,0.800000,3996071,5.00
113.471,0.825000,4121479,5.71
118.911,0.850000,4245902,6.67
125.951,0.875000,4370514,8.00
130.303,0.887500,4432496,8.89
135.423,0.900000,4495212,10.00
141.439,0.912500,4557932,11.43
148.479,0.925000,4619484,13.33
157.055,0.937500,4682155,16.00
161.919,0.943750,4713700,17.78
167.039,0.950000,4744465,20.00
172.927,0.956250,4775990,22.86
179.455,0.962500,4806646,26.67
187.263,0.968750,4837948,32.00
191.743,0.971875,4853595,35.56
196.735,0.975000,4869136,40.00
202.495,0.978125,4884801,45.71
209.023,0.981250,4900281,53.33
216.831,0.984375,4915879,64.00
221.439,0.985938,4923823,71.11
226.431,0.987500,4931542,80.00
232.191,0.989062,4939419,91.43
238.719,0.990625,4947110,106.67
246.655,0.992188,4954980,128.00
251.135,0.992969,4958801,142.22
256.127,0.993750,4962688,160.00
262.015,0.994531,4966659,182.86
268.799,0.995313,4970548,213.33
276.735,0.996094,4974434,256.00
281.343,0.996484,4976384,284.44
286.975,0.996875,4978383,320.00
293.375,0.997266,4980311,365.71
300.543,0.997656,4982226,426.67
310.271,0.998047,4984188,512.00
315.903,0.998242,4985158,568.89
322.047,0.998437,4986110,640.00
329.215,0.998633,4987079,731.43
337.663,0.998828,4988056,853.33
347.135,0.999023,4989035,1024.00
351.999,0.999121,4989522,1137.78
358.399,0.999219,4990011,1280.00
365.055,0.999316,4990503,1462.86
372.223,0.999414,4990979,1706.67
380.671,0.999512,4991464,2048.00
385.279,0.999561,4991715,2275.56
389.375,0.999609,4991949,2560.00
394.239,0.999658,4992195,2925.71
399.359,0.999707,4992446,3413.33
405.247,0.999756,4992684,4096.00
408.319,0.999780,4992807,4551.11
411.135,0.999805,4992933,5120.00
413.695,0.999829,4993047,5851.43
416.511,0.999854,4993174,6826.67
419.327,0.999878,4993298,8192.00
420.607,0.999890,4993354,9102.22
422.143,0.999902,4993412,10240.00
423.679,0.999915,4993473,11702.86
425.215,0.999927,4993535,13653.33
427.007,0.999939,4993593,16384.00
427.775,0.999945,4993628,18204.44
428.543,0.999951,4993654,20480.00
429.567,0.999957,4993686,23405.71
430.335,0.999963,4993724,27306.67
431.103,0.999969,4993753,32768.00
431.359,0.999973,4993772,36408.89
431.615,0.999976,4993782,40960.00
432.127,0.999979,4993791,46811.43
432.639,0.999982,4993814,54613.33
432.895,0.999985,4993827,65536.00
433.151,0.999986,4993835,72817.78
433.407,0.999988,4993840,81920.00
433.663,0.999989,4993850,93622.86
433.919,0.999991,4993860,109226.67
433.919,0.999992,4993860,131072.00
434.175,0.999993,4993865,145635.56
434.431,0.999994,4993878,163840.00
434.431,0.999995,4993878,187245.71
434.431,0.999995,4993878,218453.33
434.431,0.999996,4993878,262144.00
434.687,0.999997,4993890,291271.11
434.687,0.999997,4993890,327680.00
434.687,0.999997,4993890,374491.43
434.687,0.999998,4993890,436906.67
434.687,0.999998,4993890,524288.00
434.687,0.999998,4993890,582542.22
434.687,0.999998,4993890,655360.00
434.943,0.999999,4993897,748982.86
434.943,1.000000,4993897,inf
