Value,Percentile,TotalCount,1/(1-Percentile)
23.311,0.000000,1,1.00
92.223,0.100000,949702,1.11
102.655,0.200000,1897495,1.25
110.655,0.300000,2846091,1.43
118.335,0.400000,3795598,1.67
126.783,0.500000,4743267,2.00
131.583,0.550000,5216537,2.22
136.959,0.600000,5695908,2.50
142.847,0.650000,6166126,2.86
149.503,0.700000,6640669,3.33
156.927,0.750000,7117283,4.00
160.895,0.775000,7350818,4.44
165.247,0.800000,7589668,5.00
169.855,0.825000,7824347,5.71
174.975,0.850000,8058444,6.67
181.119,0.875000,8299565,8.00
184.575,0.887500,8414946,8.89
188.671,0.900000,8533925,10.00
193.535,0.912500,8652200,11.43
199.551,0.925000,8769233,13.33
207.871,0.937500,8888260,16.00
213.503,0.943750,8947970,17.78
220.415,0.950000,9006208,20.00
229.631,0.956250,9065836,22.86
243.455,0.962500,9124625,26.67
269.823,0.968750,9183981,32.00
293.887,0.971875,9213519,35.56
314.111,0.975000,9243394,40.00
327.167,0.978125,9273226,45.71
336.895,0.981250,9302552,53.33
345.599,0.984375,9332294,64.00
349.951,0.985938,9347493,71.11
354.047,0.987500,9362058,80.00
358.399,0.989062,9376757,91.43
363.007,0.990625,9391494,106.67
367.871,0.992188,9406039,128.00
370.687,0.992969,9413616,142.22
373.759,0.993750,9421308,160.00
376.831,0.994531,9428288,182.86
380.415,0.995313,9435673,213.33
384.511,0.996094,9443230,256.00
386.815,0.996484,9446822,284.44
389.375,0.996875,9450619,320.00
392.191,0.997266,9454381,365.71
395.263,0.997656,9458015,426.67
398.847,0.998047,9461753,512.00
400.639,0.998242,9463395,568.89
402.943,0.998437,9465335,640.00
405.247,0.998633,9467096,731.43
408.063,0.998828,9468942,853.33
411.135,0.999023,9470912,1024.00
412.671,0.999121,9471734,1137.78
414.463,0.999219,9472713,1280.00
416.255,0.999316,9473620,1462.86
418.303,0.999414,9474593,1706.67
420.351,0.999512,9475511,2048.00
421.375,0.999561,9475966,2275.56
422.399,0.999609,9476388,2560.00
423.423,0.999658,9476878,2925.71
424.703,0.999707,9477370,3413.33
425.727,0.999756,9477776,4096.00
426.239,0.999780,9477987,4551.11
427.007,0.999805,9478263,5120.00
427.519,0.999829,9478441,5851.43
428.287,0.999854,9478726,6826.67
428.799,0.999878,9478925,8192.00
429.055,0.999890,9479010,9102.22
429.567,0.999902,9479175,10240.00
429.823,0.999915,9479260,11702.86
430.335,0.999927,9479430,13653.33
430.591,0.999939,9479520,16384.00
430.847,0.999945,9479608,18204.44
430.847,0.999951,9479608,20480.00
431.103,0.999957,9479705,23405.71
431.103,0.999963,9479705,27306.67
431.359,0.999969,9479793,32768.00
431.359,0.999973,9479793,36408.89
431.615,0.999976,9479875,40960.00
431.615,0.999979,9479875,46811.43
431.871,0.999982,9479964,54613.33
431.871,0.999985,9479964,65536.00
431.871,0.999986,9479964,72817.78
431.871,0.999988,9479964,81920.00
431.871,0.999989,9479964,93622.86
431.871,0.999991,9479964,109226.67
432.127,0.999992,9480051,131072.00
432.127,1.000000,9480051,inf
