Value,Percentile,TotalCount,1/(1-Percentile)
94.655,0.000000,1,1.00
203.519,0.100000,1000357,1.11
231.935,0.200000,2002649,1.25
257.791,0.300000,3000643,1.43
282.879,0.400000,4010034,1.67
306.687,0.500000,5010605,2.00
318.719,0.550000,5500506,2.22
332.287,0.600000,6006527,2.50
347.391,0.650000,6500800,2.86
365.823,0.700000,7004331,3.33
388.607,0.750000,7502187,4.00
402.687,0.775000,7751384,4.44
419.071,0.800000,8000604,5.00
438.527,0.825000,8251917,5.71
461.311,0.850000,8500571,6.67
490.751,0.875000,8750391,8.00
510.207,0.887500,8875381,8.89
535.039,0.900000,9000064,10.00
568.831,0.912500,9126305,11.43
624.639,0.925000,9250662,13.33
782.847,0.937500,9375025,16.00
1341.439,0.943750,9437598,17.78
1427.455,0.950000,9500234,20.00
1483.775,0.956250,9563202,22.86
1531.903,0.962500,9625947,26.67
1582.079,0.968750,9687510,32.00
1613.823,0.971875,9719376,35.56
1652.735,0.975000,9750234,40.00
1710.079,0.978125,9781621,45.71
1818.623,0.981250,9812483,53.33
2422.783,0.984375,9843854,64.00
2527.231,0.985938,9859487,71.11
2594.815,0.987500,9875016,80.00
2660.351,0.989062,9891014,91.43
2740.223,0.990625,9906440,106.67
2893.823,0.992188,9921885,128.00
3043.327,0.992969,9929682,142.22
3491.839,0.993750,9937460,160.00
3622.911,0.994531,9945382,182.86
3698.687,0.995313,9953124,213.33
3784.703,0.996094,9960937,256.00
3846.143,0.996484,9964842,284.44
3934.207,0.996875,9968747,320.00
4077.567,0.997266,9972634,365.71
4382.719,0.997656,9976518,426.67
4694.015,0.998047,9980494,512.00
4755.455,0.998242,9982412,568.89
4816.895,0.998437,9984351,640.00
4890.623,0.998633,9986333,731.43
4997.119,0.998828,9988274,853.33
5189.631,0.999023,9990210,1024.00
5357.567,0.999121,9991171,1137.78
5742.591,0.999219,9992143,1280.00
5939.199,0.999316,9993122,1462.86
6115.327,0.999414,9994112,1706.67
6377.471,0.999512,9995072,2048.00
6709.247,0.999561,9995560,2275.56
7012.351,0.999609,9996049,2560.00
7217.151,0.999658,9996544,2925.71
7536.639,0.999707,9997025,3413.33
8552.447,0.999756,9997513,4096.00
9289.727,0.999780,9997758,4551.11
11468.799,0.999805,9998001,5120.00
13533.183,0.999829,9998248,5851.43
18087.935,0.999854,9998491,6826.67
19972.095,0.999878,9998735,8192.00
25329.663,0.999890,9998859,9102.22
27049.983,0.999902,9998980,10240.00
32522.239,0.999915,9999100,11702.86
46039.039,0.999927,9999222,13653.33
88014.847,0.999939,9999344,16384.00
106168.319,0.999945,9999406,18204.44
142475.263,0.999951,9999468,20480.00
174587.903,0.999957,9999527,23405.71
228720.639,0.999963,9999588,27306.67
289144.831,0.999969,9999649,32768.00
304087.039,0.999973,9999680,36408.89
318242.815,0.999976,9999710,40960.00
369098.751,0.999979,9999742,46811.43
390332.415,0.999982,9999771,54613.33
429654.015,0.999985,9999804,65536.00
437780.479,0.999986,9999817,72817.78
472383.487,0.999988,9999834,81920.00
486801.407,0.999989,9999848,93622.86
562561.023,0.999991,9999864,109226.67
599261.183,0.999992,9999878,131072.00
613941.247,0.999993,9999890,145635.56
663748.607,0.999994,9999896,163840.00
670564.351,0.999995,9999902,187245.71
694157.311,0.999995,9999909,218453.33
695205.887,0.999996,9999918,262144.00
695730.175,0.999997,9999920,291271.11
721944.575,0.999997,9999924,327680.00
757071.871,0.999997,9999932,374491.43
757071.871,0.999998,9999932,436906.67
757596.159,0.999998,9999935,524288.00
758120.447,0.999998,9999938,582542.22
835715.071,0.999998,9999939,655360.00
836763.647,0.999999,9999943,748982.86
836763.647,0.999999,9999943,873813.33
906493.951,0.999999,9999945,1048576.00
907018.239,0.999999,9999948,1165084.44
907018.239,0.999999,9999948,1310720.00
907018.239,0.999999,9999948,1497965.71
907542.527,0.999999,9999950,1747626.67
907542.527,1.000000,9999950,2097152.00
907542.527,1.000000,9999950,2330168.89
949485.567,1.000000,9999952,2621440.00
949485.567,1.000000,9999952,2995931.43
949485.567,1.000000,9999952,3495253.33
949485.567,1.000000,9999952,4194304.00
949485.567,1.000000,9999952,4660337.78
950009.855,1.000000,9999956,5242880.00
950009.855,1.000000,9999956,inf
