Value,Percentile,TotalCount,1/(1-Percentile)
163.327,0.000000,1,1.00
1374.207,0.100000,9492,1.11
2553.855,0.200000,18984,1.25
3704.831,0.300000,28478,1.43
4886.527,0.400000,37996,1.67
6049.791,0.500000,47474,2.00
6643.711,0.550000,52224,2.22
7233.535,0.600000,56963,2.50
7823.359,0.650000,61726,2.86
8388.607,0.700000,66470,3.33
8978.431,0.750000,71246,4.00
9265.151,0.775000,73588,4.44
9568.255,0.800000,75988,5.00
9863.167,0.825000,78329,5.71
10174.463,0.850000,80708,6.67
10477.567,0.875000,83085,8.00
10633.215,0.887500,84269,8.89
10780.671,0.900000,85436,10.00
10944.511,0.912500,86670,11.43
11100.159,0.925000,87812,13.33
11272.191,0.937500,89018,16.00
11354.111,0.943750,89587,17.78
11452.415,0.950000,90208,20.00
11550.719,0.956250,90806,22.86
11657.215,0.962500,91383,26.67
11771.903,0.968750,91951,32.00
11845.631,0.971875,92269,35.56
11919.359,0.975000,92562,40.00
11993.087,0.978125,92841,45.71
12091.391,0.981250,93169,53.33
12181.503,0.984375,93450,64.00
12222.463,0.985938,93582,71.11
12279.807,0.987500,93730,80.00
12345.343,0.989062,93888,91.43
12419.071,0.990625,94035,106.67
12500.991,0.992188,94193,128.00
12541.951,0.992969,94251,142.22
12591.103,0.993750,94323,160.00
12648.447,0.994531,94398,182.86
12730.367,0.995313,94473,213.33
12812.287,0.996094,94550,256.00
12861.439,0.996484,94583,284.44
12935.167,0.996875,94625,320.00
12992.511,0.997266,94659,365.71
13082.623,0.997656,94695,426.67
13189.119,0.998047,94731,512.00
13254.655,0.998242,94750,568.89
13320.191,0.998437,94769,640.00
13393.919,0.998633,94788,731.43
13492.223,0.998828,94806,853.33
13574.143,0.999023,94825,1024.00
13639.679,0.999121,94833,1137.78
13721.599,0.999219,94845,1280.00
13778.943,0.999316,94852,1462.86
13844.479,0.999414,94863,1706.67
13926.399,0.999512,94870,2048.00
13959.167,0.999561,94875,2275.56
14049.279,0.999609,94879,2560.00
14155.775,0.999658,94884,2925.71
14196.735,0.999707,94890,3413.33
14237.695,0.999756,94895,4096.00
14245.887,0.999780,94896,4551.11
14278.655,0.999805,94898,5120.00
14344.191,0.999829,94900,5851.43
14401.535,0.999854,94904,6826.67
14426.111,0.999878,94905,8192.00
14557.183,0.999890,94906,9102.22
14598.143,0.999902,94907,10240.00
14606.335,0.999915,94908,11702.86
14671.871,0.999927,94911,13653.33
14671.871,0.999939,94911,16384.00
14671.871,0.999945,94911,18204.44
14778.367,0.999951,94912,20480.00
14778.367,0.999957,94912,23405.71
14827.519,0.999963,94913,27306.67
14999.551,0.999969,94914,32768.00
14999.551,0.999973,94914,36408.89
14999.551,0.999976,94914,40960.00
14999.551,0.999979,94914,46811.43
15056.895,0.999982,94915,54613.33
15056.895,0.999985,94915,65536.00
15056.895,0.999986,94915,72817.78
15056.895,0.999988,94915,81920.00
15056.895,0.999989,94915,93622.86
15130.623,0.999991,94916,109226.67
15130.623,1.000000,94916,inf
