Value,Percentile,TotalCount,1/(1-Percentile)
167.039,0.000000,1,1.00
252.799,0.100000,509,1.11
267.007,0.200000,1024,1.25
277.247,0.300000,1533,1.43
286.975,0.400000,2042,1.67
295.423,0.500000,2543,2.00
300.799,0.550000,2807,2.22
305.663,0.600000,3060,2.50
310.783,0.650000,3303,2.86
317.183,0.700000,3563,3.33
324.863,0.750000,3813,4.00
327.935,0.775000,3937,4.44
332.287,0.800000,4070,5.00
336.127,0.825000,4191,5.71
341.759,0.850000,4325,6.67
347.391,0.875000,4451,8.00
350.463,0.887500,4509,8.89
354.815,0.900000,4574,10.00
359.935,0.912500,4638,11.43
365.823,0.925000,4702,13.33
371.199,0.937500,4766,16.00
375.295,0.943750,4796,17.78
379.647,0.950000,4826,20.00
384.511,0.956250,4858,22.86
391.423,0.962500,4890,26.67
397.567,0.968750,4922,32.00
402.431,0.971875,4938,35.56
407.807,0.975000,4953,40.00
411.903,0.978125,4969,45.71
418.303,0.981250,4985,53.33
423.423,0.984375,5001,64.00
426.495,0.985938,5010,71.11
431.103,0.987500,5017,80.00
438.271,0.989062,5025,91.43
443.903,0.990625,5033,106.67
450.815,0.992188,5041,128.00
455.679,0.992969,5045,142.22
462.079,0.993750,5049,160.00
464.639,0.994531,5053,182.86
479.487,0.995313,5057,213.33
487.935,0.996094,5061,256.00
499.967,0.996484,5063,284.44
510.207,0.996875,5065,320.00
521.983,0.997266,5067,365.71
540.159,0.997656,5070,426.67
551.423,0.998047,5071,512.00
557.055,0.998242,5072,568.89
581.631,0.998437,5073,640.00
586.239,0.998633,5074,731.43
591.871,0.998828,5075,853.33
598.527,0.999023,5076,1024.00
598.527,0.999121,5076,1137.78
631.807,0.999219,5077,1280.00
631.807,0.999316,5077,1462.86
632.319,0.999414,5078,1706.67
632.319,0.999512,5078,2048.00
632.319,0.999561,5078,2275.56
682.495,0.999609,5079,2560.00
682.495,0.999658,5079,2925.71
682.495,0.999707,5079,3413.33
682.495,0.999756,5079,4096.00
682.495,0.999780,5079,4551.11
1916.927,0.999805,5080,5120.00
1916.927,1.000000,5080,inf
