Value,Percentile,TotalCount,1/(1-Percentile)
40.863,0.000000,1,1.00
69.183,0.100000,1003271,1.11
77.311,0.200000,2005358,1.25
82.943,0.300000,2995145,1.43
88.383,0.400000,4000103,1.67
94.655,0.500000,4994816,2.00
98.495,0.550000,5494429,2.22
102.975,0.600000,5990479,2.50
108.351,0.650000,6490482,2.86
114.943,0.700000,6991235,3.33
123.455,0.750000,7489160,4.00
128.959,0.775000,7737245,4.44
135.935,0.800000,7987438,5.00
145.535,0.825000,8237937,5.71
160.767,0.850000,8487355,6.67
203.647,0.875000,8735734,8.00
624.639,0.887500,8860378,8.89
926.207,0.900000,8985344,10.00
1081.343,0.912500,9110722,11.43
1167.359,0.925000,9236554,13.33
1210.367,0.937500,9361343,16.00
1241.087,0.943750,9422971,17.78
1423.359,0.950000,9484361,20.00
1856.511,0.956250,9546977,22.86
2081.791,0.962500,9609292,26.67
2152.447,0.968750,9671803,32.00
2185.215,0.971875,9702977,35.56
2234.367,0.975000,9734212,40.00
2326.527,0.978125,9765459,45.71
2906.111,0.981250,9796466,53.33
3188.735,0.984375,9828083,64.00
3221.503,0.985938,9843766,71.11
3289.087,0.987500,9858935,80.00
3489.791,0.989062,9874334,91.43
4005.887,0.990625,9889944,106.67
4259.839,0.992188,9905680,128.00
4304.895,0.992969,9913385,142.22
4374.527,0.993750,9921776,160.00
4440.063,0.994531,9929091,182.86
4964.351,0.995313,9936722,213.33
5287.935,0.996094,9944565,256.00
5341.183,0.996484,9948536,284.44
5414.911,0.996875,9952464,320.00
5468.159,0.997266,9956347,365.71
5754.879,0.997656,9960113,426.67
6201.343,0.998047,9964043,512.00
6356.991,0.998242,9965963,568.89
6422.527,0.998437,9967920,640.00
6496.255,0.998633,9969886,731.43
6537.215,0.998828,9971838,853.33
6647.807,0.999023,9973767,1024.00
7012.351,0.999121,9974732,1137.78
7204.863,0.999219,9975721,1280.00
7360.511,0.999316,9976694,1462.86
7462.911,0.999414,9977665,1706.67
7548.927,0.999512,9978666,2048.00
7577.599,0.999561,9979170,2275.56
7602.175,0.999609,9979620,2560.00
7639.039,0.999658,9980145,2925.71
7704.575,0.999707,9980591,3413.33
7929.855,0.999756,9981074,4096.00
8032.255,0.999780,9981319,4551.11
8114.175,0.999805,9981567,5120.00
8183.807,0.999829,9981808,5851.43
8241.151,0.999854,9982056,6826.67
8290.303,0.999878,9982306,8192.00
8310.783,0.999890,9982425,9102.22
8331.263,0.999902,9982547,10240.00
8351.743,0.999915,9982668,11702.86
8368.127,0.999927,9982793,13653.33
8384.511,0.999939,9982902,16384.00
8396.799,0.999945,9982988,18204.44
8404.991,0.999951,9983035,20480.00
8413.183,0.999957,9983081,23405.71
8429.567,0.999963,9983168,27306.67
8445.951,0.999969,9983219,32768.00
8454.143,0.999973,9983254,36408.89
8462.335,0.999976,9983292,40960.00
8470.527,0.999979,9983324,46811.43
8470.527,0.999982,9983324,54613.33
8478.719,0.999985,9983370,65536.00
8478.719,0.999986,9983370,72817.78
8486.911,0.999988,9983416,81920.00
8486.911,0.999989,9983416,93622.86
8486.911,0.999991,9983416,109226.67
8495.103,0.999992,9983484,131072.00
8495.103,0.999993,9983484,145635.56
8495.103,0.999994,9983484,163840.00
8495.103,0.999995,9983484,187245.71
8495.103,0.999995,9983484,218453.33
8495.103,0.999996,9983484,262144.00
8495.103,0.999997,9983484,291271.11
8495.103,0.999997,9983484,327680.00
8495.103,0.999997,9983484,374491.43
8495.103,0.999998,9983484,436906.67
8503.295,0.999998,9983552,524288.00
8503.295,1.000000,9983552,inf
