Value,Percentile,TotalCount,1/(1-Percentile)
37.599,0.000000,1,1.00
72.511,0.100000,50102,1.11
80.127,0.200000,100028,1.25
86.463,0.300000,149977,1.43
92.479,0.400000,199872,1.67
98.559,0.500000,249826,2.00
101.695,0.550000,274555,2.22
105.023,0.600000,299690,2.50
108.479,0.650000,324604,2.86
112.255,0.700000,349501,3.33
116.479,0.750000,374413,4.00
118.847,0.775000,386966,4.44
121.471,0.800000,399439,5.00
124.415,0.825000,411850,5.71
127.871,0.850000,424229,6.67
132.095,0.875000,436756,8.00
134.655,0.887500,442990,8.89
137.855,0.900000,449259,10.00
141.695,0.912500,455523,11.43
146.687,0.925000,461775,13.33
153.471,0.937500,467952,16.00
157.951,0.943750,471039,17.78
163.071,0.950000,474131,20.00
168.831,0.956250,477242,22.86
175.743,0.962500,480366,26.67
184.063,0.968750,483487,32.00
188.799,0.971875,485029,35.56
194.303,0.975000,486598,40.00
200.703,0.978125,488165,45.71
208.511,0.981250,489715,53.33
217.343,0.984375,491268,64.00
222.719,0.985938,492058,71.11
228.479,0.987500,492828,80.00
234.495,0.989062,493617,91.43
241.279,0.990625,494395,106.67
249.471,0.992188,495178,128.00
254.335,0.992969,495558,142.22
259.967,0.993750,495952,160.00
265.727,0.994531,496334,182.86
272.383,0.995313,496731,213.33
280.575,0.996094,497114,256.00
285.439,0.996484,497315,284.44
290.559,0.996875,497512,320.00
295.935,0.997266,497698,365.71
303.871,0.997656,497897,426.67
312.831,0.998047,498089,512.00
317.183,0.998242,498186,568.89
325.375,0.998437,498287,640.00
334.335,0.998633,498380,731.43
344.319,0.998828,498478,853.33
355.583,0.999023,498575,1024.00
364.287,0.999121,498625,1137.78
374.527,0.999219,498673,1280.00
389.375,0.999316,498721,1462.86
406.015,0.999414,498771,1706.67
429.055,0.999512,498820,2048.00
440.319,0.999561,498844,2275.56
454.655,0.999609,498868,2560.00
479.487,0.999658,498892,2925.71
506.111,0.999707,498916,3413.33
528.895,0.999756,498941,4096.00
536.575,0.999780,498953,4551.11
545.279,0.999805,498965,5120.00
556.031,0.999829,498977,5851.43
571.391,0.999854,498989,6826.67
588.287,0.999878,499002,8192.00
593.407,0.999890,499008,9102.22
601.599,0.999902,499014,10240.00
607.743,0.999915,499020,11702.86
615.423,0.999927,499026,13653.33
623.103,0.999939,499032,16384.00
626.175,0.999945,499035,18204.44
633.855,0.999951,499038,20480.00
636.415,0.999957,499041,23405.71
643.071,0.999963,499044,27306.67
647.167,0.999969,499048,32768.00
649.215,0.999973,499049,36408.89
650.239,0.999976,499050,40960.00
651.775,0.999979,499052,46811.43
652.799,0.999982,499053,54613.33
659.967,0.999985,499055,65536.00
660.991,0.999986,499056,72817.78
660.991,0.999988,499056,81920.00
663.039,0.999989,499058,93622.86
663.039,0.999991,499058,109226.67
665.599,0.999992,499059,131072.00
665.599,0.999993,499059,145635.56
665.599,0.999994,499059,163840.00
666.623,0.999995,499060,187245.71
666.623,0.999995,499060,218453.33
668.159,0.999996,499061,262144.00
668.159,0.999997,499061,291271.11
668.159,0.999997,499061,327680.00
668.159,0.999997,499061,374491.43
668.159,0.999998,499061,436906.67
671.743,0.999998,499062,524288.00
671.743,1.000000,499062,inf
