Value,Percentile,TotalCount,1/(1-Percentile)
24.239,0.000000,1,1.00
59.583,0.100000,948507,1.11
95.551,0.200000,1895472,1.25
111.871,0.300000,2847546,1.43
122.175,0.400000,3794051,1.67
131.455,0.500000,4748606,2.00
136.063,0.550000,5215312,2.22
141.055,0.600000,5689238,2.50
146.559,0.650000,6161637,2.86
152.959,0.700000,6633405,3.33
160.895,0.750000,7107775,4.00
165.759,0.775000,7344176,4.44
171.647,0.800000,7585219,5.00
178.559,0.825000,7818544,5.71
187.135,0.850000,8055329,6.67
197.887,0.875000,8293179,8.00
204.159,0.887500,8411642,8.89
211.071,0.900000,8528368,10.00
218.879,0.912500,8647339,11.43
227.199,0.925000,8765280,13.33
236.159,0.937500,8883666,16.00
241.023,0.943750,8944066,17.78
246.015,0.950000,9003445,20.00
251.263,0.956250,9061294,22.86
257.151,0.962500,9121269,26.67
263.679,0.968750,9180870,32.00
267.263,0.971875,9210480,35.56
271.103,0.975000,9239746,40.00
275.455,0.978125,9269875,45.71
280.319,0.981250,9299182,53.33
285.951,0.984375,9328643,64.00
289.023,0.985938,9342955,71.11
292.607,0.987500,9357818,80.00
296.703,0.989062,9373009,91.43
301.055,0.990625,9387060,106.67
306.431,0.992188,9402120,128.00
309.503,0.992969,9409787,142.22
312.575,0.993750,9416873,160.00
316.415,0.994531,9424495,182.86
320.511,0.995313,9431779,213.33
325.119,0.996094,9439201,256.00
327.423,0.996484,9442569,284.44
330.239,0.996875,9446536,320.00
333.055,0.997266,9450005,365.71
336.383,0.997656,9453812,426.67
339.967,0.998047,9457448,512.00
342.015,0.998242,9459426,568.89
344.063,0.998437,9461234,640.00
346.111,0.998633,9462942,731.43
348.415,0.998828,9464829,853.33
350.719,0.999023,9466595,1024.00
352.255,0.999121,9467652,1137.78
353.535,0.999219,9468534,1280.00
354.815,0.999316,9469374,1462.86
356.351,0.999414,9470328,1706.67
357.887,0.999512,9471319,2048.00
358.655,0.999561,9471764,2275.56
359.423,0.999609,9472203,2560.00
360.191,0.999658,9472644,2925.71
361.215,0.999707,9473191,3413.33
361.983,0.999756,9473616,4096.00
362.495,0.999780,9473873,4551.11
362.751,0.999805,9474005,5120.00
363.263,0.999829,9474264,5851.43
363.775,0.999854,9474502,6826.67
364.287,0.999878,9474776,8192.00
364.543,0.999890,9474888,9102.22
364.799,0.999902,9474995,10240.00
365.055,0.999915,9475102,11702.86
365.311,0.999927,9475216,13653.33
365.567,0.999939,9475341,16384.00
365.567,0.999945,9475341,18204.44
365.823,0.999951,9475469,20480.00
365.823,0.999957,9475469,23405.71
366.079,0.999963,9475579,27306.67
366.079,0.999969,9475579,32768.00
366.335,0.999973,9475720,36408.89
366.335,0.999976,9475720,40960.00
366.335,0.999979,9475720,46811.43
366.335,0.999982,9475720,54613.33
366.335,0.999985,9475720,65536.00
366.335,0.999986,9475720,72817.78
366.591,0.999988,9475841,81920.00
366.591,0.999989,9475841,93622.86
366.591,0.999991,9475841,109226.67
366.591,0.999992,9475841,131072.00
366.591,0.999993,9475841,145635.56
366.591,0.999994,9475841,163840.00
366.591,0.999995,9475841,187245.71
366.591,0.999995,9475841,218453.33
366.591,0.999996,9475841,262144.00
366.591,0.999997,9475841,291271.11
366.591,0.999997,9475841,327680.00
366.591,0.999997,9475841,374491.43
366.591,0.999998,9475841,436906.67
366.591,0.999998,9475841,524288.00
366.591,0.999998,9475841,582542.22
366.591,0.999998,9475841,655360.00
366.591,0.999999,9475841,748982.86
366.591,0.999999,9475841,873813.33
366.591,0.999999,9475841,1048576.00
366.591,0.999999,9475841,1165084.44
366.591,0.999999,9475841,1310720.00
366.591,0.999999,9475841,1497965.71
366.591,0.999999,9475841,1747626.67
366.591,1.000000,9475841,2097152.00
366.591,1.000000,9475841,2330168.89
366.591,1.000000,9475841,2621440.00
366.591,1.000000,9475841,2995931.43
366.847,1.000000,9475951,3495253.33
366.847,1.000000,9475951,inf
