Value,Percentile,TotalCount,1/(1-Percentile)
44.287,0.000000,1,1.00
62.751,0.100000,1007073,1.11
66.495,0.200000,2010603,1.25
70.783,0.300000,3008613,1.43
76.863,0.400000,4003383,1.67
98.751,0.500000,4999572,2.00
103.167,0.550000,5501051,2.22
106.239,0.600000,5997877,2.50
109.567,0.650000,6504518,2.86
113.727,0.700000,6996508,3.33
119.167,0.750000,7499186,4.00
122.111,0.775000,7749143,4.44
125.119,0.800000,7995476,5.00
128.447,0.825000,8247896,5.71
132.095,0.850000,8501588,6.67
135.807,0.875000,8747443,8.00
137.727,0.887500,8871281,8.89
139.775,0.900000,8999626,10.00
141.823,0.912500,9121313,11.43
144.127,0.925000,9246248,13.33
146.815,0.937500,9370955,16.00
148.479,0.943750,9436125,17.78
150.271,0.950000,9495926,20.00
152.575,0.956250,9559054,22.86
155.391,0.962500,9619707,26.67
159.359,0.968750,9682042,32.00
162.047,0.971875,9713142,35.56
165.631,0.975000,9744637,40.00
170.751,0.978125,9776013,45.71
178.431,0.981250,9806803,53.33
190.719,0.984375,9838076,64.00
199.295,0.985938,9853696,71.11
211.199,0.987500,9869272,80.00
233.727,0.989062,9884865,91.43
1147.903,0.990625,9900603,106.67
1188.863,0.992188,9916476,128.00
1203.199,0.992969,9924281,142.22
1213.439,0.993750,9932461,160.00
1220.607,0.994531,9940296,182.86
1226.751,0.995313,9947823,213.33
1233.919,0.996094,9955868,256.00
1238.015,0.996484,9959621,284.44
1242.111,0.996875,9963066,320.00
1248.255,0.997266,9967071,365.71
1256.447,0.997656,9970793,426.67
1268.735,0.998047,9974869,512.00
1274.879,0.998242,9976676,568.89
1281.023,0.998437,9978547,640.00
1288.191,0.998633,9980754,731.43
1294.335,0.998828,9982594,853.33
1300.479,0.999023,9984504,1024.00
1303.551,0.999121,9985454,1137.78
1306.623,0.999219,9986410,1280.00
1309.695,0.999316,9987343,1462.86
1313.791,0.999414,9988535,1706.67
1316.863,0.999512,9989396,2048.00
1318.911,0.999561,9989915,2275.56
1320.959,0.999609,9990513,2560.00
1321.983,0.999658,9990803,2925.71
1324.031,0.999707,9991350,3413.33
1326.079,0.999756,9991872,4096.00
1327.103,0.999780,9992133,4551.11
1328.127,0.999805,9992397,5120.00
1329.151,0.999829,9992618,5851.43
1330.175,0.999854,9992850,6826.67
1331.199,0.999878,9993088,8192.00
1331.199,0.999890,9993088,9102.22
1332.223,0.999902,9993281,10240.00
1333.247,0.999915,9993518,11702.86
1333.247,0.999927,9993518,13653.33
1334.271,0.999939,9993766,16384.00
1334.271,0.999945,9993766,18204.44
1334.271,0.999951,9993766,20480.00
1334.271,0.999957,9993766,23405.71
1335.295,0.999963,9993960,27306.67
1335.295,0.999969,9993960,32768.00
1335.295,0.999973,9993960,36408.89
1335.295,0.999976,9993960,40960.00
1335.295,0.999979,9993960,46811.43
1336.319,0.999982,9994209,54613.33
1336.319,1.000000,9994209,inf
