Value,Percentile,TotalCount,1/(1-Percentile)
30.799,0.000000,1,1.00
60.351,0.100000,500886,1.11
67.327,0.200000,998565,1.25
72.703,0.300000,1502856,1.43
77.887,0.400000,1999922,1.67
83.071,0.500000,2498609,2.00
85.695,0.550000,2748036,2.22
88.383,0.600000,2997548,2.50
91.199,0.650000,3244306,2.86
94.335,0.700000,3495020,3.33
97.983,0.750000,3746685,4.00
100.031,0.775000,3870066,4.44
102.335,0.800000,3993512,5.00
105.023,0.825000,4119864,5.71
108.095,0.850000,4242738,6.67
111.935,0.875000,4367745,8.00
114.239,0.887500,4429723,8.89
116.991,0.900000,4492763,10.00
120.191,0.912500,4554615,11.43
124.159,0.925000,4616808,13.33
129.151,0.937500,4679396,16.00
132.223,0.943750,4711127,17.78
135.679,0.950000,4742190,20.00
139.647,0.956250,4772777,22.86
144.383,0.962500,4803739,26.67
150.015,0.968750,4835081,32.00
153.215,0.971875,4850448,35.56
156.799,0.975000,4866069,40.00
160.895,0.978125,4881872,45.71
165.503,0.981250,4897424,53.33
170.879,0.984375,4913104,64.00
173.951,0.985938,4920871,71.11
177.279,0.987500,4928489,80.00
181.119,0.989062,4936233,91.43
185.471,0.990625,4944024,106.67
190.719,0.992188,4951889,128.00
193.663,0.992969,4955814,142.22
196.863,0.993750,4959684,160.00
200.447,0.994531,4963506,182.86
204.543,0.995313,4967402,213.33
209.407,0.996094,4971300,256.00
212.223,0.996484,4973262,284.44
215.295,0.996875,4975218,320.00
218.879,0.997266,4977138,365.71
222.975,0.997656,4979141,426.67
227.327,0.998047,4981040,512.00
229.887,0.998242,4982023,568.89
232.447,0.998437,4983006,640.00
235.391,0.998633,4983952,731.43
238.591,0.998828,4984964,853.33
242.303,0.999023,4985922,1024.00
244.351,0.999121,4986396,1137.78
246.399,0.999219,4986905,1280.00
248.447,0.999316,4987370,1462.86
250.623,0.999414,4987857,1706.67
253.311,0.999512,4988356,2048.00
254.591,0.999561,4988595,2275.56
255.871,0.999609,4988827,2560.00
257.407,0.999658,4989071,2925.71
258.943,0.999707,4989327,3413.33
260.479,0.999756,4989563,4096.00
261.375,0.999780,4989679,4551.11
262.399,0.999805,4989839,5120.00
263.167,0.999829,4989947,5851.43
263.935,0.999854,4990065,6826.67
264.703,0.999878,4990168,8192.00
265.215,0.999890,4990251,9102.22
265.727,0.999902,4990308,10240.00
266.239,0.999915,4990384,11702.86
266.495,0.999927,4990423,13653.33
267.007,0.999939,4990489,16384.00
267.263,0.999945,4990515,18204.44
267.519,0.999951,4990544,20480.00
267.775,0.999957,4990572,23405.71
268.031,0.999963,4990600,27306.67
268.287,0.999969,4990632,32768.00
268.543,0.999973,4990665,36408.89
268.543,0.999976,4990665,40960.00
268.799,0.999979,4990690,46811.43
268.799,0.999982,4990690,54613.33
269.055,0.999985,4990727,65536.00
269.055,0.999986,4990727,72817.78
269.055,0.999988,4990727,81920.00
269.055,0.999989,4990727,93622.86
269.311,0.999991,4990752,109226.67
269.311,0.999992,4990752,131072.00
269.311,0.999993,4990752,145635.56
269.311,0.999994,4990752,163840.00
269.311,0.999995,4990752,187245.71
269.567,0.999995,4990781,218453.33
269.567,1.000000,4990781,inf
