Value,Percentile,TotalCount,1/(1-Percentile)
44.127,0.000000,1,1.00
109.311,0.100000,999795,1.11
130.943,0.200000,2001413,1.25
144.767,0.300000,3001440,1.43
157.439,0.400000,4003836,1.67
171.007,0.500000,4999273,2.00
178.815,0.550000,5494501,2.22
187.263,0.600000,5993717,2.50
195.967,0.650000,6495405,2.86
204.671,0.700000,6998504,3.33
213.375,0.750000,7494087,4.00
217.983,0.775000,7747228,4.44
222.591,0.800000,7990570,5.00
227.711,0.825000,8245923,5.71
233.087,0.850000,8493167,6.67
239.103,0.875000,8742128,8.00
242.431,0.887500,8866742,8.89
246.015,0.900000,8989867,10.00
250.111,0.912500,9117326,11.43
254.591,0.925000,9240894,13.33
259.839,0.937500,9364993,16.00
262.911,0.943750,9428335,17.78
266.239,0.950000,9489948,20.00
270.079,0.956250,9552204,22.86
274.687,0.962500,9615643,26.67
280.063,0.968750,9677256,32.00
283.391,0.971875,9709185,35.56
286.975,0.975000,9739230,40.00
291.327,0.978125,9770659,45.71
296.447,0.981250,9801197,53.33
303.103,0.984375,9833017,64.00
306.943,0.985938,9848105,71.11
311.551,0.987500,9863634,80.00
316.927,0.989062,9879278,91.43
323.583,0.990625,9894967,106.67
331.775,0.992188,9910545,128.00
336.639,0.992969,9918175,142.22
342.271,0.993750,9925825,160.00
348.927,0.994531,9933594,182.86
357.119,0.995313,9941585,213.33
366.847,0.996094,9949277,256.00
372.735,0.996484,9953082,284.44
379.391,0.996875,9957044,320.00
386.815,0.997266,9960880,365.71
395.519,0.997656,9964803,426.67
406.271,0.998047,9968742,512.00
412.159,0.998242,9970645,568.89
418.815,0.998437,9972606,640.00
425.983,0.998633,9974526,731.43
434.431,0.998828,9976487,853.33
443.647,0.999023,9978447,1024.00
448.767,0.999121,9979425,1137.78
454.655,0.999219,9980408,1280.00
461.311,0.999316,9981380,1462.86
468.223,0.999414,9982357,1706.67
475.391,0.999512,9983301,2048.00
479.487,0.999561,9983791,2275.56
484.095,0.999609,9984273,2560.00
488.703,0.999658,9984782,2925.71
493.823,0.999707,9985267,3413.33
499.455,0.999756,9985756,4096.00
502.015,0.999780,9985991,4551.11
504.831,0.999805,9986229,5120.00
508.159,0.999829,9986488,5851.43
511.487,0.999854,9986720,6826.67
514.559,0.999878,9986969,8192.00
516.351,0.999890,9987095,9102.22
517.631,0.999902,9987206,10240.00
519.167,0.999915,9987320,11702.86
520.959,0.999927,9987461,13653.33
522.495,0.999939,9987572,16384.00
523.263,0.999945,9987634,18204.44
524.031,0.999951,9987690,20480.00
524.799,0.999957,9987745,23405.71
525.823,0.999963,9987817,27306.67
526.847,0.999969,9987875,32768.00
527.359,0.999973,9987919,36408.89
527.871,0.999976,9987953,40960.00
528.383,0.999979,9987992,46811.43
528.383,0.999982,9987992,54613.33
528.895,0.999985,9988036,65536.00
528.895,0.999986,9988036,72817.78
529.407,0.999988,9988084,81920.00
529.407,0.999989,9988084,93622.86
529.407,0.999991,9988084,109226.67
529.919,0.999992,9988121,131072.00
529.919,0.999993,9988121,145635.56
529.919,0.999994,9988121,163840.00
529.919,0.999995,9988121,187245.71
530.431,0.999995,9988161,218453.33
530.431,0.999996,9988161,262144.00
530.431,0.999997,9988161,291271.11
530.431,0.999997,9988161,327680.00
530.431,0.999997,9988161,374491.43
530.431,0.999998,9988161,436906.67
530.431,0.999998,9988161,524288.00
530.431,0.999998,9988161,582542.22
530.431,0.999998,9988161,655360.00
530.431,0.999999,9988161,748982.86
530.431,0.999999,9988161,873813.33
530.943,0.999999,9988200,1048576.00
530.943,1.000000,9988200,inf
