Value,Percentile,TotalCount,1/(1-Percentile)
5.283,0.000000,1,1.00
7.107,0.100000,2519129,1.11
7.431,0.200000,5010044,1.25
7.823,0.300000,7518986,1.43
8.099,0.400000,10023500,1.67
8.391,0.500000,12550603,2.00
8.575,0.550000,13778475,2.22
8.855,0.600000,15002423,2.50
9.655,0.650000,16248850,2.86
67.455,0.700000,17495828,3.33
84.991,0.750000,18749376,4.00
89.599,0.775000,19368649,4.44
94.719,0.800000,19998600,5.00
101.311,0.825000,20622091,5.71
111.871,0.850000,21244597,6.67
144.639,0.875000,21867585,8.00
200.959,0.887500,22180132,8.89
458.751,0.900000,22493075,10.00
488.447,0.912500,22805651,11.43
514.303,0.925000,23119343,13.33
541.695,0.937500,23434551,16.00
557.055,0.943750,23588398,17.78
574.975,0.950000,23743020,20.00
597.503,0.956250,23901299,22.86
625.663,0.962500,24054874,26.67
664.575,0.968750,24211782,32.00
689.663,0.971875,24289043,35.56
720.383,0.975000,24367664,40.00
755.711,0.978125,24445237,45.71
794.623,0.981250,24523146,53.33
833.535,0.984375,24601162,64.00
855.039,0.985938,24640717,71.11
878.079,0.987500,24679535,80.00
904.191,0.989062,24718430,91.43
933.375,0.990625,24757350,106.67
967.167,0.992188,24796759,128.00
985.599,0.992969,24815920,142.22
1006.079,0.993750,24835543,160.00
1028.607,0.994531,24854918,182.86
1053.695,0.995313,24874387,213.33
1081.343,0.996094,24893905,256.00
1096.703,0.996484,24904033,284.44
1112.063,0.996875,24913641,320.00
1129.471,0.997266,24923482,365.71
1148.927,0.997656,24933106,426.67
1172.479,0.998047,24942976,512.00
1185.791,0.998242,24947752,568.89
1201.151,0.998437,24952557,640.00
1218.559,0.998633,24957354,731.43
1239.039,0.998828,24962305,853.33
1262.591,0.999023,24967305,1024.00
1275.903,0.999121,24969677,1137.78
1290.239,0.999219,24972015,1280.00
1307.647,0.999316,24974494,1462.86
1326.079,0.999414,24976922,1706.67
1346.559,0.999512,24979385,2048.00
1356.799,0.999561,24980558,2275.56
1369.087,0.999609,24981777,2560.00
1381.375,0.999658,24983009,2925.71
1393.663,0.999707,24984208,3413.33
1406.975,0.999756,24985416,4096.00
1414.143,0.999780,24986057,4551.11
1421.311,0.999805,24986651,5120.00
1428.479,0.999829,24987240,5851.43
1436.671,0.999854,24987909,6826.67
1444.863,0.999878,24988538,8192.00
1447.935,0.999890,24988773,9102.22
1452.031,0.999902,24989073,10240.00
1457.151,0.999915,24989411,11702.86
1462.271,0.999927,24989717,13653.33
1466.367,0.999939,24990012,16384.00
1468.415,0.999945,24990143,18204.44
1470.463,0.999951,24990290,20480.00
1473.535,0.999957,24990495,23405.71
1475.583,0.999963,24990617,27306.67
1477.631,0.999969,24990749,32768.00
1479.679,0.999973,24990884,36408.89
1480.703,0.999976,24990936,40960.00
1481.727,0.999979,24991011,46811.43
1482.751,0.999982,24991069,54613.33
1483.775,0.999985,24991140,65536.00
1484.799,0.999986,24991199,72817.78
1485.823,0.999988,24991250,81920.00
1485.823,0.999989,24991250,93622.86
1486.847,0.999991,24991317,109226.67
1486.847,0.999992,24991317,131072.00
1487.871,0.999993,24991385,145635.56
1487.871,0.999994,24991385,163840.00
1487.871,0.999995,24991385,187245.71
1488.895,0.999995,24991445,218453.33
1488.895,0.999996,24991445,262144.00
1488.895,0.999997,24991445,291271.11
1488.895,0.999997,24991445,327680.00
1488.895,0.999997,24991445,374491.43
1489.919,0.999998,24991517,436906.67
1489.919,1.000000,24991517,inf
