Value,Percentile,TotalCount,1/(1-Percentile)
9.183,0.000000,1,1.00
12.391,0.100000,2527876,1.11
12.847,0.200000,5009608,1.25
13.431,0.300000,7515539,1.43
14.287,0.400000,10014454,1.67
15.839,0.500000,12503261,2.00
17.471,0.550000,13754525,2.22
20.559,0.600000,15000106,2.50
28.783,0.650000,16247914,2.86
57.503,0.700000,17500495,3.33
63.903,0.750000,18751198,4.00
66.367,0.775000,19375374,4.44
69.247,0.800000,20008511,5.00
73.343,0.825000,20622383,5.71
82.303,0.850000,21248141,6.67
110.399,0.875000,21871403,8.00
168.191,0.887500,22184032,8.89
462.847,0.900000,22496798,10.00
492.799,0.912500,22810912,11.43
518.655,0.925000,23123777,13.33
546.303,0.937500,23438762,16.00
561.663,0.943750,23591278,17.78
580.095,0.950000,23749090,20.00
602.111,0.956250,23902429,22.86
631.295,0.962500,24059732,26.67
670.207,0.968750,24214634,32.00
695.807,0.971875,24292849,35.56
727.039,0.975000,24371345,40.00
762.879,0.978125,24449391,45.71
802.815,0.981250,24528019,53.33
841.727,0.984375,24605122,64.00
863.743,0.985938,24645025,71.11
887.295,0.987500,24683721,80.00
914.431,0.989062,24722864,91.43
944.639,0.990625,24761913,106.67
978.431,0.992188,24800508,128.00
997.375,0.992969,24819967,142.22
1018.367,0.993750,24839676,160.00
1041.407,0.994531,24859342,182.86
1065.983,0.995313,24878557,213.33
1094.655,0.996094,24898353,256.00
1108.991,0.996484,24907820,284.44
1126.399,0.996875,24918073,320.00
1144.831,0.997266,24927773,365.71
1166.335,0.997656,24937403,426.67
1192.959,0.998047,24947107,512.00
1209.343,0.998242,24951987,568.89
1226.751,0.998437,24956665,640.00
1248.255,0.998633,24961535,731.43
1273.855,0.998828,24966550,853.33
1302.527,0.999023,24971391,1024.00
1318.911,0.999121,24973786,1137.78
1338.367,0.999219,24976287,1280.00
1358.847,0.999316,24978682,1462.86
1381.375,0.999414,24981107,1706.67
1405.951,0.999512,24983472,2048.00
1420.287,0.999561,24984741,2275.56
1435.647,0.999609,24985987,2560.00
1452.031,0.999658,24987198,2925.71
1468.415,0.999707,24988412,3413.33
1485.823,0.999756,24989605,4096.00
1496.063,0.999780,24990236,4551.11
1506.303,0.999805,24990836,5120.00
1517.567,0.999829,24991441,5851.43
1529.855,0.999854,24992050,6826.67
1542.143,0.999878,24992630,8192.00
1549.311,0.999890,24992931,9102.22
1556.479,0.999902,24993255,10240.00
1563.647,0.999915,24993563,11702.86
1571.839,0.999927,24993876,13653.33
1580.031,0.999939,24994177,16384.00
1584.127,0.999945,24994325,18204.44
1587.199,0.999951,24994455,20480.00
1592.319,0.999957,24994637,23405.71
1596.415,0.999963,24994773,27306.67
1600.511,0.999969,24994921,32768.00
1603.583,0.999973,24995009,36408.89
1606.655,0.999976,24995097,40960.00
1608.703,0.999979,24995152,46811.43
1610.751,0.999982,24995217,54613.33
1612.799,0.999985,24995298,65536.00
1614.847,0.999986,24995352,72817.78
1615.871,0.999988,24995392,81920.00
1616.895,0.999989,24995415,93622.86
1617.919,0.999991,24995446,109226.67
1618.943,0.999992,24995483,131072.00
1619.967,0.999993,24995506,145635.56
1620.991,0.999994,24995532,163840.00
1622.015,0.999995,24995565,187245.71
1622.015,0.999995,24995565,218453.33
1623.039,0.999996,24995598,262144.00
1623.039,0.999997,24995598,291271.11
1623.039,0.999997,24995598,327680.00
1624.063,0.999997,24995626,374491.43
1624.063,0.999998,24995626,436906.67
1624.063,0.999998,24995626,524288.00
1625.087,0.999998,24995651,582542.22
1625.087,0.999998,24995651,655360.00
1625.087,0.999999,24995651,748982.86
1625.087,0.999999,24995651,873813.33
1625.087,0.999999,24995651,1048576.00
1625.087,0.999999,24995651,1165084.44
1626.111,0.999999,24995682,1310720.00
1626.111,1.000000,24995682,inf
