Value,Percentile,TotalCount,1/(1-Percentile)
42.303,0.000000,1,1.00
72.255,0.100000,1004904,1.11
80.319,0.200000,2005180,1.25
86.655,0.300000,2995833,1.43
92.735,0.400000,3999069,1.67
99.519,0.500000,4993083,2.00
103.423,0.550000,5495865,2.22
107.775,0.600000,5991066,2.50
112.959,0.650000,6490122,2.86
119.487,0.700000,6989256,3.33
128.255,0.750000,7490262,4.00
133.887,0.775000,7739757,4.44
140.927,0.800000,7991035,5.00
150.015,0.825000,8239772,5.71
163.455,0.850000,8488318,6.67
192.767,0.875000,8736697,8.00
258.175,0.887500,8861258,8.89
813.055,0.900000,8986027,10.00
1048.063,0.912500,9111100,11.43
1154.047,0.925000,9236266,13.33
1208.319,0.937500,9362899,16.00
1242.111,0.943750,9423125,17.78
1605.631,0.950000,9485376,20.00
1899.519,0.956250,9547776,22.86
2115.583,0.962500,9611553,26.67
2191.359,0.968750,9673518,32.00
2230.271,0.971875,9704939,35.56
2279.423,0.975000,9735293,40.00
2613.247,0.978125,9766145,45.71
2961.407,0.981250,9797470,53.33
3174.399,0.984375,9828710,64.00
3250.175,0.985938,9844112,71.11
3295.231,0.987500,9859961,80.00
3325.951,0.989062,9875704,91.43
3399.679,0.990625,9891015,106.67
3940.351,0.992188,9906501,128.00
4073.471,0.992969,9914407,142.22
4214.783,0.993750,9922104,160.00
4345.855,0.994531,9930602,182.86
4370.431,0.995313,9938606,213.33
4395.007,0.996094,9945852,256.00
4419.583,0.996484,9949587,284.44
4501.503,0.996875,9953330,320.00
4927.487,0.997266,9957172,365.71
5152.767,0.997656,9961162,426.67
5410.815,0.998047,9965223,512.00
5427.199,0.998242,9967141,568.89
5439.487,0.998437,9968890,640.00
5455.871,0.998633,9970870,731.43
5492.735,0.998828,9972767,853.33
5681.151,0.999023,9974722,1024.00
5865.471,0.999121,9975723,1137.78
5935.103,0.999219,9976684,1280.00
6062.079,0.999316,9977638,1462.86
6148.095,0.999414,9978616,1706.67
6180.863,0.999512,9979617,2048.00
6193.151,0.999561,9980090,2275.56
6209.535,0.999609,9980685,2560.00
6221.823,0.999658,9981091,2925.71
6242.303,0.999707,9981615,3413.33
6266.879,0.999756,9982033,4096.00
6291.455,0.999780,9982296,4551.11
6332.415,0.999805,9982522,5120.00
6406.143,0.999829,9982757,5851.43
6443.007,0.999854,9983057,6826.67
6455.295,0.999878,9983270,8192.00
6459.391,0.999890,9983386,9102.22
6463.487,0.999902,9983513,10240.00
6467.583,0.999915,9983703,11702.86
6471.679,0.999927,9983914,13653.33
6471.679,0.999939,9983914,16384.00
6475.775,0.999945,9984231,18204.44
6475.775,0.999951,9984231,20480.00
6475.775,0.999957,9984231,23405.71
6475.775,0.999963,9984231,27306.67
6475.775,0.999969,9984231,32768.00
6475.775,0.999973,9984231,36408.89
6475.775,0.999976,9984231,40960.00
6479.871,0.999979,9984594,46811.43
6479.871,1.000000,9984594,inf
