Value,Percentile,TotalCount,1/(1-Percentile)
44.639,0.000000,1,1.00
65.119,0.100000,985604,1.11
68.223,0.200000,1993233,1.25
70.719,0.300000,2968326,1.43
73.151,0.400000,3959011,1.67
75.647,0.500000,4948356,2.00
76.927,0.550000,5425520,2.22
78.335,0.600000,5917935,2.50
79.871,0.650000,6406739,2.86
81.599,0.700000,6894974,3.33
83.647,0.750000,7392679,4.00
84.799,0.775000,7637482,4.44
86.079,0.800000,7883809,5.00
87.487,0.825000,8128441,5.71
89.087,0.850000,8377125,6.67
90.879,0.875000,8624417,8.00
91.839,0.887500,8743077,8.89
92.927,0.900000,8866954,10.00
94.143,0.912500,8992581,11.43
95.487,0.925000,9114924,13.33
97.023,0.937500,9234103,16.00
97.983,0.943750,9298530,17.78
99.007,0.950000,9358362,20.00
100.223,0.956250,9418472,22.86
101.759,0.962500,9481304,26.67
103.679,0.968750,9541274,32.00
104.959,0.971875,9572455,35.56
106.495,0.975000,9602838,40.00
108.479,0.978125,9633384,45.71
111.103,0.981250,9663910,53.33
114.815,0.984375,9694860,64.00
117.247,0.985938,9710164,71.11
120.319,0.987500,9725539,80.00
124.351,0.989062,9740883,91.43
129.599,0.990625,9756102,106.67
136.319,0.992188,9771514,128.00
140.031,0.992969,9779298,142.22
143.615,0.993750,9787056,160.00
147.071,0.994531,9794739,182.86
150.527,0.995313,9802469,213.33
153.855,0.996094,9810104,256.00
155.519,0.996484,9813835,284.44
157.311,0.996875,9817815,320.00
158.975,0.997266,9821532,365.71
160.895,0.997656,9825603,426.67
162.687,0.998047,9829173,512.00
163.711,0.998242,9831192,568.89
164.735,0.998437,9833113,640.00
165.759,0.998633,9834975,731.43
166.911,0.998828,9836980,853.33
168.063,0.999023,9838789,1024.00
168.703,0.999121,9839795,1137.78
169.471,0.999219,9840863,1280.00
170.111,0.999316,9841756,1462.86
170.879,0.999414,9842721,1706.67
171.647,0.999512,9843667,2048.00
172.031,0.999561,9844122,2275.56
172.415,0.999609,9844585,2560.00
172.927,0.999658,9845175,2925.71
173.311,0.999707,9845589,3413.33
173.695,0.999756,9846043,4096.00
173.951,0.999780,9846316,4551.11
174.207,0.999805,9846568,5120.00
174.463,0.999829,9846830,5851.43
174.719,0.999854,9847061,6826.67
174.847,0.999878,9847206,8192.00
174.975,0.999890,9847335,9102.22
175.103,0.999902,9847445,10240.00
175.231,0.999915,9847570,11702.86
175.359,0.999927,9847699,13653.33
175.487,0.999939,9847833,16384.00
175.615,0.999945,9847961,18204.44
175.615,0.999951,9847961,20480.00
175.743,0.999957,9848080,23405.71
175.743,0.999963,9848080,27306.67
175.871,0.999969,9848221,32768.00
175.871,0.999973,9848221,36408.89
175.871,0.999976,9848221,40960.00
175.871,0.999979,9848221,46811.43
175.999,0.999982,9848340,54613.33
175.999,0.999985,9848340,65536.00
175.999,0.999986,9848340,72817.78
175.999,0.999988,9848340,81920.00
175.999,0.999989,9848340,93622.86
175.999,0.999991,9848340,109226.67
175.999,0.999992,9848340,131072.00
175.999,0.999993,9848340,145635.56
176.127,0.999994,9848453,163840.00
176.127,1.000000,9848453,inf
