Value,Percentile,TotalCount,1/(1-Percentile)
33.759,0.000000,1,1.00
59.615,0.100000,499973,1.11
70.335,0.200000,1001691,1.25
77.055,0.300000,1504003,1.43
82.687,0.400000,2000505,1.67
89.919,0.500000,2500892,2.00
94.719,0.550000,2750881,2.22
100.159,0.600000,2998252,2.50
106.047,0.650000,3248205,2.86
112.447,0.700000,3499429,3.33
119.743,0.750000,3747734,4.00
123.903,0.775000,3873573,4.44
128.383,0.800000,3998839,5.00
133.247,0.825000,4123004,5.71
138.879,0.850000,4247358,6.67
145.919,0.875000,4372851,8.00
150.271,0.887500,4435235,8.89
155.519,0.900000,4497863,10.00
162.175,0.912500,4560329,11.43
171.007,0.925000,4622102,13.33
182.399,0.937500,4684617,16.00
188.415,0.943750,4716218,17.78
194.303,0.950000,4747313,20.00
200.191,0.956250,4778319,22.86
206.335,0.962500,4809556,26.67
212.735,0.968750,4840926,32.00
216.063,0.971875,4856186,35.56
219.647,0.975000,4871941,40.00
223.487,0.978125,4887695,45.71
227.711,0.981250,4903044,53.33
232.703,0.984375,4918838,64.00
235.519,0.985938,4926696,71.11
238.591,0.987500,4934407,80.00
242.047,0.989062,4942192,91.43
246.015,0.990625,4950033,106.67
250.623,0.992188,4957755,128.00
253.311,0.992969,4961631,142.22
256.511,0.993750,4965541,160.00
260.223,0.994531,4969335,182.86
264.959,0.995313,4973343,213.33
270.847,0.996094,4977179,256.00
274.687,0.996484,4979155,284.44
279.295,0.996875,4981128,320.00
284.927,0.997266,4983003,365.71
292.863,0.997656,4984972,426.67
303.871,0.998047,4986885,512.00
312.319,0.998242,4987870,568.89
322.303,0.998437,4988845,640.00
333.055,0.998633,4989831,731.43
344.063,0.998828,4990791,853.33
355.071,0.999023,4991773,1024.00
360.447,0.999121,4992258,1137.78
365.567,0.999219,4992756,1280.00
370.687,0.999316,4993240,1462.86
375.807,0.999414,4993737,1706.67
381.183,0.999512,4994228,2048.00
383.743,0.999561,4994467,2275.56
386.559,0.999609,4994696,2560.00
389.631,0.999658,4994939,2925.71
392.959,0.999707,4995181,3413.33
396.799,0.999756,4995428,4096.00
398.847,0.999780,4995554,4551.11
401.151,0.999805,4995670,5120.00
403.967,0.999829,4995800,5851.43
406.527,0.999854,4995922,6826.67
408.831,0.999878,4996034,8192.00
410.367,0.999890,4996105,9102.22
411.903,0.999902,4996161,10240.00
413.439,0.999915,4996225,11702.86
414.719,0.999927,4996283,13653.33
416.255,0.999939,4996349,16384.00
416.767,0.999945,4996374,18204.44
417.535,0.999951,4996400,20480.00
418.559,0.999957,4996431,23405.71
419.327,0.999963,4996468,27306.67
420.095,0.999969,4996496,32768.00
420.351,0.999973,4996508,36408.89
420.863,0.999976,4996526,40960.00
421.375,0.999979,4996547,46811.43
421.631,0.999982,4996553,54613.33
422.143,0.999985,4996570,65536.00
422.399,0.999986,4996579,72817.78
422.655,0.999988,4996588,81920.00
422.911,0.999989,4996597,93622.86
423.167,0.999991,4996601,109226.67
423.423,0.999992,4996611,131072.00
423.423,0.999993,4996611,145635.56
423.679,0.999994,4996616,163840.00
423.935,0.999995,4996627,187245.71
423.935,0.999995,4996627,218453.33
423.935,0.999996,4996627,262144.00
423.935,0.999997,4996627,291271.11
424.191,0.999997,4996633,327680.00
424.191,0.999997,4996633,374491.43
424.191,0.999998,4996633,436906.67
424.447,0.999998,4996647,524288.00
424.447,1.000000,4996647,inf
