Value,Percentile,TotalCount,1/(1-Percentile)
72.127,0.000000,1,1.00
110.463,0.100000,502070,1.11
118.655,0.200000,1000262,1.25
126.783,0.300000,1499056,1.43
137.215,0.400000,2001128,1.67
150.911,0.500000,2498807,2.00
158.847,0.550000,2750774,2.22
167.039,0.600000,2999595,2.50
175.871,0.650000,3249426,2.86
185.215,0.700000,3498504,3.33
194.943,0.750000,3747752,4.00
200.191,0.775000,3872884,4.44
206.079,0.800000,3999288,5.00
212.735,0.825000,4123377,5.71
220.671,0.850000,4248955,6.67
229.759,0.875000,4372310,8.00
234.879,0.887500,4435535,8.89
240.383,0.900000,4498196,10.00
246.399,0.912500,4560503,11.43
253.055,0.925000,4622518,13.33
260.991,0.937500,4685012,16.00
265.727,0.943750,4716289,17.78
271.103,0.950000,4747670,20.00
277.247,0.956250,4778230,22.86
284.927,0.962500,4809994,26.67
294.655,0.968750,4841042,32.00
300.799,0.971875,4856453,35.56
308.479,0.975000,4872104,40.00
317.439,0.978125,4887813,45.71
326.911,0.981250,4903359,53.33
336.895,0.984375,4919071,64.00
342.271,0.985938,4926625,71.11
348.671,0.987500,4934497,80.00
356.095,0.989062,4942228,91.43
365.311,0.990625,4949961,106.67
377.343,0.992188,4957837,128.00
383.999,0.992969,4961734,142.22
390.655,0.993750,4965558,160.00
397.823,0.994531,4969460,182.86
405.759,0.995313,4973343,213.33
415.999,0.996094,4977243,256.00
422.655,0.996484,4979246,284.44
430.847,0.996875,4981161,320.00
442.111,0.997266,4983120,365.71
453.631,0.997656,4985049,426.67
463.871,0.998047,4987047,512.00
468.735,0.998242,4988006,568.89
473.599,0.998437,4988987,640.00
478.719,0.998633,4989932,731.43
484.607,0.998828,4990925,853.33
491.519,0.999023,4991889,1024.00
495.359,0.999121,4992386,1137.78
499.711,0.999219,4992874,1280.00
504.319,0.999316,4993346,1462.86
509.695,0.999414,4993834,1706.67
516.095,0.999512,4994317,2048.00
520.191,0.999561,4994562,2275.56
524.799,0.999609,4994831,2560.00
528.383,0.999658,4995063,2925.71
532.991,0.999707,4995306,3413.33
537.599,0.999756,4995557,4096.00
540.159,0.999780,4995687,4551.11
542.207,0.999805,4995797,5120.00
544.255,0.999829,4995903,5851.43
546.815,0.999854,4996053,6826.67
548.351,0.999878,4996155,8192.00
549.375,0.999890,4996221,9102.22
550.399,0.999902,4996301,10240.00
550.911,0.999915,4996332,11702.86
551.935,0.999927,4996406,13653.33
552.959,0.999939,4996455,16384.00
553.471,0.999945,4996488,18204.44
553.983,0.999951,4996524,20480.00
554.495,0.999957,4996550,23405.71
555.007,0.999963,4996579,27306.67
555.519,0.999969,4996615,32768.00
556.031,0.999973,4996651,36408.89
556.031,0.999976,4996651,40960.00
556.031,0.999979,4996651,46811.43
556.543,0.999982,4996692,54613.33
556.543,0.999985,4996692,65536.00
556.543,0.999986,4996692,72817.78
557.055,0.999988,4996729,81920.00
557.055,0.999989,4996729,93622.86
557.055,0.999991,4996729,109226.67
557.055,0.999992,4996729,131072.00
557.055,0.999993,4996729,145635.56
557.055,0.999994,4996729,163840.00
557.055,0.999995,4996729,187245.71
557.567,0.999995,4996767,218453.33
557.567,1.000000,4996767,inf
