Value,Percentile,TotalCount,1/(1-Percentile)
46.943,0.000000,1,1.00
62.911,0.100000,1005276,1.11
64.799,0.200000,2017609,1.25
66.175,0.300000,3005148,1.43
67.519,0.400000,4018833,1.67
68.991,0.500000,5013878,2.00
69.887,0.550000,5525964,2.22
70.911,0.600000,6022367,2.50
72.127,0.650000,6504018,2.86
73.727,0.700000,7010751,3.33
75.647,0.750000,7505196,4.00
76.799,0.775000,7758492,4.44
78.015,0.800000,8000039,5.00
79.487,0.825000,8257179,5.71
81.087,0.850000,8500484,6.67
83.071,0.875000,8755778,8.00
84.159,0.887500,8877427,8.89
85.375,0.900000,9000317,10.00
86.783,0.912500,9127185,11.43
88.383,0.925000,9252478,13.33
90.239,0.937500,9375663,16.00
91.327,0.943750,9438416,17.78
92.543,0.950000,9501541,20.00
93.887,0.956250,9563166,22.86
95.487,0.962500,9625766,26.67
97.407,0.968750,9688515,32.00
98.559,0.971875,9719913,35.56
99.839,0.975000,9750862,40.00
101.375,0.978125,9782079,45.71
103.231,0.981250,9813092,53.33
105.599,0.984375,9843954,64.00
107.135,0.985938,9859841,71.11
108.991,0.987500,9875349,80.00
111.359,0.989062,9890831,91.43
114.687,0.990625,9906375,106.67
120.575,0.992188,9921983,128.00
126.783,0.992969,9929688,142.22
144.895,0.993750,9937525,160.00
159.103,0.994531,9945407,182.86
164.991,0.995313,9953221,213.33
169.983,0.996094,9961016,256.00
172.415,0.996484,9964932,284.44
174.975,0.996875,9968906,320.00
177.535,0.997266,9972667,365.71
180.351,0.997656,9976589,426.67
183.679,0.998047,9980579,512.00
185.343,0.998242,9982438,568.89
187.263,0.998437,9984401,640.00
189.439,0.998633,9986406,731.43
191.871,0.998828,9988340,853.33
194.687,0.999023,9990262,1024.00
196.351,0.999121,9991246,1137.78
198.399,0.999219,9992219,1280.00
200.575,0.999316,9993208,1462.86
203.135,0.999414,9994189,1706.67
206.207,0.999512,9995150,2048.00
207.871,0.999561,9995606,2275.56
210.047,0.999609,9996096,2560.00
212.479,0.999658,9996601,2925.71
215.551,0.999707,9997074,3413.33
219.519,0.999756,9997569,4096.00
222.079,0.999780,9997814,4551.11
224.895,0.999805,9998050,5120.00
228.479,0.999829,9998292,5851.43
232.959,0.999854,9998537,6826.67
239.231,0.999878,9998785,8192.00
243.455,0.999890,9998902,9102.22
249.087,0.999902,9999026,10240.00
256.127,0.999915,9999147,11702.86
266.751,0.999927,9999270,13653.33
283.903,0.999939,9999390,16384.00
297.471,0.999945,9999451,18204.44
306.431,0.999951,9999515,20480.00
313.855,0.999957,9999573,23405.71
322.559,0.999963,9999636,27306.67
336.127,0.999969,9999697,32768.00
348.159,0.999973,9999726,36408.89
361.983,0.999976,9999756,40960.00
409.343,0.999979,9999787,46811.43
495.359,0.999982,9999817,54613.33
620.031,0.999985,9999848,65536.00
731.135,0.999986,9999863,72817.78
794.111,0.999988,9999878,81920.00
877.055,0.999989,9999894,93622.86
992.767,0.999991,9999909,109226.67
1230.847,0.999992,9999924,131072.00
1287.167,0.999993,9999932,145635.56
1354.751,0.999994,9999939,163840.00
1554.431,0.999995,9999947,187245.71
1821.695,0.999995,9999955,218453.33
2047.999,0.999996,9999962,262144.00
2185.215,0.999997,9999967,291271.11
2349.055,0.999997,9999970,327680.00
3123.199,0.999997,9999974,374491.43
3149.823,0.999998,9999978,436906.67
3164.159,0.999998,9999981,524288.00
3174.399,0.999998,9999983,582542.22
3184.639,0.999998,9999986,655360.00
3194.879,0.999999,9999987,748982.86
3211.263,0.999999,9999989,873813.33
3227.647,0.999999,9999991,1048576.00
3233.791,0.999999,9999992,1165084.44
3235.839,0.999999,9999993,1310720.00
3241.983,0.999999,9999994,1497965.71
3246.079,0.999999,9999995,1747626.67
3258.367,1.000000,9999996,2097152.00
3258.367,1.000000,9999996,2330168.89
3327.999,1.000000,9999997,2621440.00
3327.999,1.000000,9999997,2995931.43
3518.463,1.000000,9999998,3495253.33
3518.463,1.000000,9999998,4194304.00
3518.463,1.000000,9999998,4660337.78
3543.039,1.000000,9999999,5242880.00
3543.039,1.000000,9999999,5991862.86
3543.039,1.000000,9999999,6990506.67
3543.039,1.000000,9999999,8388608.00
3543.039,1.000000,9999999,9320675.55
3932.159,1.000000,10000000,10485760.00
3932.159,1.000000,10000000,inf
