Value,Percentile,TotalCount,1/(1-Percentile)
85.951,0.000000,2,1.00
124.607,0.100000,2508412,1.11
133.247,0.200000,5013986,1.25
141.183,0.300000,7508837,1.43
150.015,0.400000,10008250,1.67
161.663,0.500000,12503840,2.00
169.599,0.550000,13751072,2.22
179.455,0.600000,15003723,2.50
190.591,0.650000,16240321,2.86
202.623,0.700000,17495144,3.33
215.167,0.750000,18741100,4.00
221.823,0.775000,19373146,4.44
228.735,0.800000,19996464,5.00
236.159,0.825000,20615717,5.71
244.351,0.850000,21241761,6.67
253.567,0.875000,21864152,8.00
258.815,0.887500,22178810,8.89
264.447,0.900000,22485540,10.00
271.103,0.912500,22807410,11.43
278.527,0.925000,23114606,13.33
287.487,0.937500,23422593,16.00
292.863,0.943750,23578831,17.78
299.007,0.950000,23735559,20.00
306.175,0.956250,23893150,22.86
314.367,0.962500,24046619,26.67
324.607,0.968750,24204664,32.00
330.495,0.971875,24281439,35.56
337.407,0.975000,24360449,40.00
345.087,0.978125,24436605,45.71
354.559,0.981250,24515634,53.33
365.823,0.984375,24593717,64.00
372.223,0.985938,24631498,71.11
379.647,0.987500,24670194,80.00
388.607,0.989062,24710075,91.43
399.359,0.990625,24748877,106.67
412.927,0.992188,24787528,128.00
421.375,0.992969,24806875,142.22
431.359,0.993750,24826347,160.00
443.391,0.994531,24846047,182.86
457.471,0.995313,24865386,213.33
474.623,0.996094,24884959,256.00
484.863,0.996484,24894701,284.44
496.383,0.996875,24904498,320.00
509.951,0.997266,24914271,365.71
526.335,0.997656,24923958,426.67
547.839,0.998047,24933721,512.00
561.151,0.998242,24938552,568.89
577.023,0.998437,24943531,640.00
593.919,0.998633,24948351,731.43
613.375,0.998828,24953214,853.33
634.879,0.999023,24958142,1024.00
646.143,0.999121,24960518,1137.78
657.919,0.999219,24962960,1280.00
671.743,0.999316,24965452,1462.86
684.543,0.999414,24967880,1706.67
698.367,0.999512,24970315,2048.00
705.023,0.999561,24971492,2275.56
712.191,0.999609,24972761,2560.00
718.847,0.999658,24973928,2925.71
726.015,0.999707,24975159,3413.33
733.695,0.999756,24976395,4096.00
737.279,0.999780,24977015,4551.11
741.375,0.999805,24977608,5120.00
745.471,0.999829,24978247,5851.43
749.055,0.999854,24978830,6826.67
753.663,0.999878,24979470,8192.00
755.711,0.999890,24979741,9102.22
758.271,0.999902,24980079,10240.00
760.319,0.999915,24980338,11702.86
762.367,0.999927,24980628,13653.33
764.927,0.999939,24980933,16384.00
766.463,0.999945,24981096,18204.44
767.487,0.999951,24981242,20480.00
769.023,0.999957,24981443,23405.71
770.047,0.999963,24981578,27306.67
771.071,0.999969,24981706,32768.00
772.095,0.999973,24981817,36408.89
772.607,0.999976,24981887,40960.00
773.119,0.999979,24981934,46811.43
774.143,0.999982,24982045,54613.33
774.655,0.999985,24982102,65536.00
775.167,0.999986,24982158,72817.78
775.167,0.999988,24982158,81920.00
775.679,0.999989,24982212,93622.86
776.191,0.999991,24982276,109226.67
776.191,0.999992,24982276,131072.00
776.703,0.999993,24982328,145635.56
776.703,0.999994,24982328,163840.00
776.703,0.999995,24982328,187245.71
777.215,0.999995,24982392,218453.33
777.215,0.999996,24982392,262144.00
777.215,0.999997,24982392,291271.11
777.215,0.999997,24982392,327680.00
777.215,0.999997,24982392,374491.43
777.727,0.999998,24982449,436906.67
777.727,0.999998,24982449,524288.00
777.727,0.999998,24982449,582542.22
777.727,0.999998,24982449,655360.00
777.727,0.999999,24982449,748982.86
777.727,0.999999,24982449,873813.33
777.727,0.999999,24982449,1048576.00
777.727,0.999999,24982449,1165084.44
777.727,0.999999,24982449,1310720.00
777.727,0.999999,24982449,1497965.71
777.727,0.999999,24982449,1747626.67
777.727,1.000000,24982449,2097152.00
777.727,1.000000,24982449,2330168.89
777.727,1.000000,24982449,2621440.00
777.727,1.000000,24982449,2995931.43
777.727,1.000000,24982449,3495253.33
777.727,1.000000,24982449,4194304.00
777.727,1.000000,24982449,4660337.78
777.727,1.000000,24982449,5242880.00
777.727,1.000000,24982449,5991862.86
778.239,1.000000,24982489,6990506.67
778.239,1.000000,24982489,inf
