Value,Percentile,TotalCount,1/(1-Percentile)
38.463,0.000000,1,1.00
67.775,0.100000,2510089,1.11
76.287,0.200000,5002889,1.25
83.199,0.300000,7510134,1.43
88.767,0.400000,10007051,1.67
94.399,0.500000,12515181,2.00
97.471,0.550000,13740900,2.22
101.055,0.600000,15006644,2.50
105.215,0.650000,16252680,2.86
110.399,0.700000,17496357,3.33
117.375,0.750000,18742511,4.00
121.791,0.775000,19363266,4.44
126.975,0.800000,19984980,5.00
133.247,0.825000,20616235,5.71
140.927,0.850000,21235973,6.67
150.911,0.875000,21860341,8.00
156.799,0.887500,22172112,8.89
163.199,0.900000,22486708,10.00
170.111,0.912500,22800516,11.43
177.535,0.925000,23107734,13.33
186.239,0.937500,23419864,16.00
191.359,0.943750,23576841,17.78
197.247,0.950000,23734134,20.00
204.159,0.956250,23890318,22.86
212.607,0.962500,24044423,26.67
223.743,0.968750,24201050,32.00
230.527,0.971875,24278645,35.56
238.335,0.975000,24357160,40.00
246.783,0.978125,24434997,45.71
255.999,0.981250,24513370,53.33
265.983,0.984375,24592322,64.00
271.359,0.985938,24631530,71.11
276.991,0.987500,24670318,80.00
283.135,0.989062,24709325,91.43
289.791,0.990625,24747588,106.67
297.471,0.992188,24786171,128.00
302.079,0.992969,24806490,142.22
306.943,0.993750,24825712,160.00
312.319,0.994531,24844730,182.86
318.975,0.995313,24864635,213.33
326.655,0.996094,24883797,256.00
331.263,0.996484,24893368,284.44
336.895,0.996875,24903185,320.00
343.551,0.997266,24913038,365.71
351.999,0.997656,24922856,426.67
363.263,0.998047,24932488,512.00
370.943,0.998242,24937316,568.89
380.415,0.998437,24942174,640.00
391.935,0.998633,24947006,731.43
406.271,0.998828,24951909,853.33
421.887,0.999023,24956792,1024.00
430.335,0.999121,24959231,1137.78
439.039,0.999219,24961629,1280.00
448.767,0.999316,24964092,1462.86
458.495,0.999414,24966511,1706.67
469.247,0.999512,24968946,2048.00
475.135,0.999561,24970157,2275.56
480.767,0.999609,24971377,2560.00
487.679,0.999658,24972605,2925.71
494.591,0.999707,24973826,3413.33
502.271,0.999756,24975049,4096.00
506.111,0.999780,24975639,4551.11
510.463,0.999805,24976274,5120.00
514.559,0.999829,24976871,5851.43
519.167,0.999854,24977492,6826.67
524.031,0.999878,24978090,8192.00
526.847,0.999890,24978438,9102.22
529.407,0.999902,24978736,10240.00
531.967,0.999915,24979019,11702.86
535.039,0.999927,24979321,13653.33
538.111,0.999939,24979632,16384.00
539.647,0.999945,24979763,18204.44
541.695,0.999951,24979945,20480.00
543.231,0.999957,24980085,23405.71
544.767,0.999963,24980241,27306.67
546.303,0.999969,24980386,32768.00
547.327,0.999973,24980458,36408.89
548.351,0.999976,24980545,40960.00
548.863,0.999979,24980604,46811.43
549.887,0.999982,24980686,54613.33
550.911,0.999985,24980778,65536.00
551.423,0.999986,24980827,72817.78
551.423,0.999988,24980827,81920.00
551.935,0.999989,24980871,93622.86
552.447,0.999991,24980918,109226.67
552.959,0.999992,24980961,131072.00
552.959,0.999993,24980961,145635.56
553.471,0.999994,24981008,163840.00
553.471,0.999995,24981008,187245.71
553.983,0.999995,24981049,218453.33
553.983,0.999996,24981049,262144.00
553.983,0.999997,24981049,291271.11
554.495,0.999997,24981084,327680.00
554.495,0.999997,24981084,374491.43
554.495,0.999998,24981084,436906.67
554.495,0.999998,24981084,524288.00
555.007,0.999998,24981129,582542.22
555.007,1.000000,24981129,inf
