Value,Percentile,TotalCount,1/(1-Percentile)
45.215,0.000000,1,1.00
69.503,0.100000,1002053,1.11
74.751,0.200000,1999133,1.25
80.575,0.300000,3005532,1.43
88.767,0.400000,3995573,1.67
101.887,0.500000,4995271,2.00
105.791,0.550000,5497856,2.22
108.991,0.600000,5998750,2.50
112.191,0.650000,6495519,2.86
115.967,0.700000,6997839,3.33
120.575,0.750000,7497122,4.00
123.135,0.775000,7742702,4.44
125.951,0.800000,7993859,5.00
128.959,0.825000,8242226,5.71
132.223,0.850000,8492323,6.67
135.679,0.875000,8740651,8.00
137.599,0.887500,8872550,8.89
139.391,0.900000,8991669,10.00
141.439,0.912500,9121002,11.43
143.487,0.925000,9242182,13.33
145.791,0.937500,9366328,16.00
147.071,0.943750,9428020,17.78
148.479,0.950000,9490370,20.00
150.015,0.956250,9551292,22.86
151.807,0.962500,9613589,26.67
153.983,0.968750,9676477,32.00
155.263,0.971875,9707775,35.56
156.671,0.975000,9738622,40.00
158.335,0.978125,9769909,45.71
160.255,0.981250,9800568,53.33
162.687,0.984375,9831742,64.00
164.223,0.985938,9848167,71.11
165.887,0.987500,9863495,80.00
167.935,0.989062,9879249,91.43
170.367,0.990625,9894530,106.67
173.439,0.992188,9909854,128.00
175.359,0.992969,9917569,142.22
177.663,0.993750,9925563,160.00
180.351,0.994531,9933273,182.86
183.679,0.995313,9940917,213.33
188.287,0.996094,9948764,256.00
191.359,0.996484,9952670,284.44
195.199,0.996875,9956543,320.00
200.319,0.997266,9960356,365.71
208.255,0.997656,9964245,426.67
221.951,0.998047,9968159,512.00
232.575,0.998242,9970110,568.89
249.087,0.998437,9972059,640.00
285.951,0.998633,9973997,731.43
358.143,0.998828,9975950,853.33
1209.343,0.999023,9977902,1024.00
1223.679,0.999121,9978986,1137.78
1227.775,0.999219,9979979,1280.00
1230.847,0.999316,9981038,1462.86
1232.895,0.999414,9981902,1706.67
1234.943,0.999512,9982887,2048.00
1235.967,0.999561,9983431,2275.56
1236.991,0.999609,9983958,2560.00
1238.015,0.999658,9984545,2925.71
1239.039,0.999707,9985090,3413.33
1240.063,0.999756,9985678,4096.00
1240.063,0.999780,9985678,4551.11
1241.087,0.999805,9986263,5120.00
1241.087,0.999829,9986263,5851.43
1241.087,0.999854,9986263,6826.67
1242.111,0.999878,9986865,8192.00
1242.111,0.999890,9986865,9102.22
1242.111,0.999902,9986865,10240.00
1242.111,0.999915,9986865,11702.86
1243.135,0.999927,9987413,13653.33
1243.135,0.999939,9987413,16384.00
1243.135,0.999945,9987413,18204.44
1243.135,0.999951,9987413,20480.00
1243.135,0.999957,9987413,23405.71
1243.135,0.999963,9987413,27306.67
1243.135,0.999969,9987413,32768.00
1243.135,0.999973,9987413,36408.89
1243.135,0.999976,9987413,40960.00
1244.159,0.999979,9987961,46811.43
1244.159,1.000000,9987961,inf
