Value,Percentile,TotalCount,1/(1-Percentile)
46.143,0.000000,1,1.00
65.023,0.100000,1008830,1.11
67.775,0.200000,2013668,1.25
69.759,0.300000,3019172,1.43
71.423,0.400000,4013602,1.67
73.023,0.500000,5022635,2.00
73.855,0.550000,5536852,2.22
74.687,0.600000,6028802,2.50
75.583,0.650000,6519990,2.86
76.607,0.700000,7022371,3.33
77.759,0.750000,7506637,4.00
78.463,0.775000,7759820,4.44
79.231,0.800000,8000709,5.00
80.191,0.825000,8252369,5.71
81.407,0.850000,8507697,6.67
83.007,0.875000,8755864,8.00
84.031,0.887500,8876334,8.89
85.375,0.900000,9004019,10.00
87.039,0.912500,9127277,11.43
89.151,0.925000,9250254,13.33
91.711,0.937500,9374813,16.00
93.183,0.943750,9439486,17.78
94.655,0.950000,9499762,20.00
96.383,0.956250,9563986,22.86
98.303,0.962500,9624975,26.67
100.799,0.968750,9686860,32.00
102.463,0.971875,9718554,35.56
104.575,0.975000,9749844,40.00
107.391,0.978125,9781104,45.71
111.039,0.981250,9811759,53.33
116.159,0.984375,9843038,64.00
119.679,0.985938,9858657,71.11
124.095,0.987500,9874378,80.00
129.279,0.989062,9889880,91.43
135.679,0.990625,9905501,106.67
146.559,0.992188,9921191,128.00
155.135,0.992969,9929033,142.22
170.879,0.993750,9936747,160.00
279.039,0.994531,9944566,182.86
1151.999,0.995313,9952526,213.33
1172.479,0.996094,9960221,256.00
1184.767,0.996484,9964456,284.44
1192.959,0.996875,9968251,320.00
1200.127,0.997266,9972454,365.71
1205.247,0.997656,9976054,426.67
1210.367,0.998047,9979779,512.00
1213.439,0.998242,9981969,568.89
1216.511,0.998437,9984144,640.00
1218.559,0.998633,9985601,731.43
1221.631,0.998828,9987608,853.33
1225.727,0.999023,9989989,1024.00
1226.751,0.999121,9990538,1137.78
1228.799,0.999219,9991524,1280.00
1231.871,0.999316,9992785,1462.86
1233.919,0.999414,9993509,1706.67
1236.991,0.999512,9994450,2048.00
1239.039,0.999561,9994997,2275.56
1241.087,0.999609,9995471,2560.00
1243.135,0.999658,9995906,2925.71
1246.207,0.999707,9996458,3413.33
1248.255,0.999756,9996819,4096.00
1250.303,0.999780,9997115,4551.11
1252.351,0.999805,9997360,5120.00
1254.399,0.999829,9997618,5851.43
1256.447,0.999854,9997828,6826.67
1258.495,0.999878,9998037,8192.00
1260.543,0.999890,9998198,9102.22
1261.567,0.999902,9998279,10240.00
1263.615,0.999915,9998399,11702.86
1266.687,0.999927,9998571,13653.33
1267.711,0.999939,9998632,16384.00
1268.735,0.999945,9998691,18204.44
1270.783,0.999951,9998805,20480.00
1271.807,0.999957,9998862,23405.71
1272.831,0.999963,9998910,27306.67
1273.855,0.999969,9998969,32768.00
1273.855,0.999973,9998969,36408.89
1274.879,0.999976,9999023,40960.00
1275.903,0.999979,9999073,46811.43
1275.903,0.999982,9999073,54613.33
1276.927,0.999985,9999127,65536.00
1276.927,0.999986,9999127,72817.78
1276.927,0.999988,9999127,81920.00
1277.951,0.999989,9999166,93622.86
1277.951,0.999991,9999166,109226.67
1277.951,0.999992,9999166,131072.00
1278.975,0.999993,9999205,145635.56
1278.975,0.999994,9999205,163840.00
1278.975,0.999995,9999205,187245.71
1278.975,0.999995,9999205,218453.33
1278.975,0.999996,9999205,262144.00
1278.975,0.999997,9999205,291271.11
1279.999,0.999997,9999244,327680.00
1279.999,1.000000,9999244,inf
