Value,Percentile,TotalCount,1/(1-Percentile)
51.519,0.000000,1,1.00
62.879,0.100000,252662,1.11
64.415,0.200000,505863,1.25
65.599,0.300000,756813,1.43
66.687,0.400000,1007024,1.67
67.775,0.500000,1253620,2.00
68.351,0.550000,1376085,2.22
68.991,0.600000,1501707,2.50
69.695,0.650000,1626634,2.86
70.527,0.700000,1755354,3.33
71.487,0.750000,1879669,4.00
72.063,0.775000,1942788,4.44
72.703,0.800000,2003149,5.00
73.471,0.825000,2064596,5.71
74.367,0.850000,2124243,6.67
75.583,0.875000,2187649,8.00
76.351,0.887500,2219989,8.89
77.183,0.900000,2249888,10.00
78.207,0.912500,2280791,11.43
79.487,0.925000,2312139,13.33
81.087,0.937500,2343940,16.00
81.983,0.943750,2359098,17.78
83.007,0.950000,2374560,20.00
84.159,0.956250,2389741,22.86
85.503,0.962500,2405371,26.67
87.103,0.968750,2421040,32.00
87.999,0.971875,2428806,35.56
89.023,0.975000,2436649,40.00
90.239,0.978125,2444671,45.71
91.583,0.981250,2452191,53.33
93.375,0.984375,2460025,64.00
94.527,0.985938,2464059,71.11
95.871,0.987500,2467908,80.00
97.599,0.989062,2471748,91.43
100.095,0.990625,2475687,106.67
104.127,0.992188,2479511,128.00
107.711,0.992969,2481464,142.22
114.303,0.993750,2483425,160.00
132.479,0.994531,2485366,182.86
147.583,0.995313,2487349,213.33
152.447,0.996094,2489286,256.00
154.495,0.996484,2490276,284.44
156.543,0.996875,2491283,320.00
158.591,0.997266,2492236,365.71
160.895,0.997656,2493216,426.67
163.199,0.998047,2494158,512.00
164.735,0.998242,2494651,568.89
166.271,0.998437,2495133,640.00
168.063,0.998633,2495618,731.43
170.367,0.998828,2496111,853.33
173.183,0.999023,2496593,1024.00
175.103,0.999121,2496865,1137.78
177.023,0.999219,2497094,1280.00
179.583,0.999316,2497326,1462.86
182.783,0.999414,2497568,1706.67
187.391,0.999512,2497815,2048.00
190.079,0.999561,2497937,2275.56
193.663,0.999609,2498057,2560.00
197.375,0.999658,2498179,2925.71
202.623,0.999707,2498301,3413.33
209.791,0.999756,2498422,4096.00
213.887,0.999780,2498484,4551.11
219.391,0.999805,2498544,5120.00
224.639,0.999829,2498605,5851.43
231.679,0.999854,2498666,6826.67
248.191,0.999878,2498727,8192.00
258.687,0.999890,2498758,9102.22
269.823,0.999902,2498788,10240.00
287.999,0.999915,2498819,11702.86
305.407,0.999927,2498849,13653.33
320.767,0.999939,2498880,16384.00
326.399,0.999945,2498895,18204.44
333.311,0.999951,2498910,20480.00
346.879,0.999957,2498926,23405.71
354.559,0.999963,2498941,27306.67
368.383,0.999969,2498956,32768.00
378.367,0.999973,2498964,36408.89
381.951,0.999976,2498971,40960.00
407.807,0.999979,2498979,46811.43
433.151,0.999982,2498987,54613.33
465.151,0.999985,2498994,65536.00
484.095,0.999986,2498998,72817.78
500.479,0.999988,2499002,81920.00
521.215,0.999989,2499006,93622.86
557.567,0.999991,2499010,109226.67
570.367,0.999992,2499013,131072.00
576.511,0.999993,2499015,145635.56
592.895,0.999994,2499017,163840.00
614.399,0.999995,2499019,187245.71
630.783,0.999995,2499021,218453.33
675.839,0.999996,2499023,262144.00
677.375,0.999997,2499024,291271.11
704.511,0.999997,2499025,327680.00
706.559,0.999997,2499026,374491.43
721.407,0.999998,2499027,436906.67
743.935,0.999998,2499028,524288.00
743.935,0.999998,2499028,582542.22
753.663,0.999998,2499029,655360.00
753.663,0.999999,2499029,748982.86
762.879,0.999999,2499030,873813.33
762.879,0.999999,2499030,1048576.00
762.879,0.999999,2499030,1165084.44
767.487,0.999999,2499031,1310720.00
767.487,0.999999,2499031,1497965.71
767.487,0.999999,2499031,1747626.67
767.487,1.000000,2499031,2097152.00
767.487,1.000000,2499031,2330168.89
770.559,1.000000,2499032,2621440.00
770.559,1.000000,2499032,inf
