Value,Percentile,TotalCount,1/(1-Percentile)
30.383,0.000000,1,1.00
37.247,0.100000,4796081,1.11
37.759,0.200000,9855736,1.25
38.079,0.300000,14334015,1.43
38.399,0.400000,19405345,1.67
38.687,0.500000,23996258,2.00
38.847,0.550000,26421539,2.22
39.007,0.600000,28703860,2.50
39.167,0.650000,30805875,2.86
39.391,0.700000,33390594,3.33
39.647,0.750000,35794166,4.00
39.775,0.775000,36785659,4.44
39.967,0.800000,38040484,5.00
40.191,0.825000,39218719,5.71
40.447,0.850000,40292249,6.67
40.831,0.875000,41541780,8.00
41.055,0.887500,42134994,8.89
41.311,0.900000,42718554,10.00
41.599,0.912500,43267474,11.43
41.983,0.925000,43839435,13.33
42.591,0.937500,44441440,16.00
43.071,0.943750,44738224,17.78
43.743,0.950000,45026244,20.00
44.639,0.956250,45323588,22.86
45.759,0.962500,45619113,26.67
46.847,0.968750,45914598,32.00
47.231,0.971875,46063038,35.56
47.583,0.975000,46208517,40.00
48.031,0.978125,46356733,45.71
48.735,0.981250,46504107,53.33
49.823,0.984375,46653636,64.00
50.527,0.985938,46726365,71.11
51.551,0.987500,46800252,80.00
52.991,0.989062,46873098,91.43
55.519,0.990625,46947430,106.67
57.471,0.992188,47022408,128.00
58.015,0.992969,47059415,142.22
58.559,0.993750,47095773,160.00
59.231,0.994531,47133410,182.86
60.095,0.995313,47169394,213.33
61.535,0.996094,47206126,256.00
63.263,0.996484,47224764,284.44
67.775,0.996875,47243244,320.00
73.983,0.997266,47262087,365.71
75.135,0.997656,47280746,426.67
75.903,0.998047,47298897,512.00
76.287,0.998242,47309279,568.89
76.607,0.998437,47318715,640.00
76.863,0.998633,47326603,731.43
77.183,0.998828,47336916,853.33
77.439,0.999023,47345498,1024.00
77.567,0.999121,47349849,1137.78
77.695,0.999219,47354185,1280.00
77.887,0.999316,47360829,1462.86
78.015,0.999414,47365415,1706.67
78.143,0.999512,47369861,2048.00
78.207,0.999561,47372027,2275.56
78.271,0.999609,47374279,2560.00
78.335,0.999658,47376431,2925.71
78.399,0.999707,47378602,3413.33
78.463,0.999756,47380774,4096.00
78.527,0.999780,47382954,4551.11
78.527,0.999805,47382954,5120.00
78.591,0.999829,47385064,5851.43
78.591,0.999854,47385064,6826.67
78.655,0.999878,47387198,8192.00
78.655,0.999890,47387198,9102.22
78.655,0.999902,47387198,10240.00
78.655,0.999915,47387198,11702.86
78.719,0.999927,47389364,13653.33
78.719,0.999939,47389364,16384.00
78.719,0.999945,47389364,18204.44
78.719,0.999951,47389364,20480.00
78.719,0.999957,47389364,23405.71
78.783,0.999963,47391417,27306.67
78.783,1.000000,47391417,inf
