Value,Percentile,TotalCount,1/(1-Percentile)
88.063,0.000000,1,1.00
199.807,0.100000,1001268,1.11
227.455,0.200000,2004172,1.25
252.159,0.300000,3002300,1.43
276.479,0.400000,4007505,1.67
300.287,0.500000,5008140,2.00
312.831,0.550000,5504636,2.22
326.655,0.600000,6007629,2.50
342.015,0.650000,6507230,2.86
359.679,0.700000,7003788,3.33
381.183,0.750000,7502075,4.00
394.239,0.775000,7753374,4.44
409.343,0.800000,8002249,5.00
427.263,0.825000,8250563,5.71
449.279,0.850000,8500485,6.67
477.439,0.875000,8751707,8.00
495.103,0.887500,8876037,8.89
517.631,0.900000,9000678,10.00
549.887,0.912500,9126247,11.43
603.647,0.925000,9250425,13.33
777.727,0.937500,9375015,16.00
1369.087,0.943750,9437649,17.78
1442.815,0.950000,9500451,20.00
1491.967,0.956250,9562691,22.86
1534.975,0.962500,9625271,26.67
1581.055,0.968750,9688660,32.00
1606.655,0.971875,9718746,35.56
1639.423,0.975000,9750056,40.00
1684.479,0.978125,9781408,45.71
1759.231,0.981250,9812607,53.33
1967.103,0.984375,9843744,64.00
2519.039,0.985938,9859453,71.11
2613.247,0.987500,9875266,80.00
2680.831,0.989062,9891021,91.43
2758.655,0.990625,9906271,106.67
2893.823,0.992188,9922000,128.00
3008.511,0.992969,9929719,142.22
3368.959,0.993750,9937460,160.00
3667.967,0.994531,9945299,182.86
3756.031,0.995313,9953252,213.33
3856.383,0.996094,9960944,256.00
3934.207,0.996484,9964833,284.44
4040.703,0.996875,9968712,320.00
4194.303,0.997266,9972625,365.71
4726.783,0.997656,9976559,426.67
4939.775,0.998047,9980460,512.00
5074.943,0.998242,9982415,568.89
5242.879,0.998437,9984339,640.00
5808.127,0.998633,9986287,731.43
6148.095,0.998828,9988258,853.33
6815.743,0.999023,9990192,1024.00
7098.367,0.999121,9991180,1137.78
7294.975,0.999219,9992148,1280.00
8122.367,0.999316,9993119,1462.86
8650.751,0.999414,9994101,1706.67
9519.103,0.999512,9995073,2048.00
10346.495,0.999561,9995561,2275.56
10911.743,0.999609,9996049,2560.00
11386.879,0.999658,9996563,2925.71
11984.895,0.999707,9997026,3413.33
13705.215,0.999756,9997517,4096.00
14245.887,0.999780,9997760,4551.11
14630.911,0.999805,9998005,5120.00
16277.503,0.999829,9998247,5851.43
17711.103,0.999854,9998495,6826.67
20479.999,0.999878,9998735,8192.00
21954.559,0.999890,9998856,9102.22
32047.103,0.999902,9998978,10240.00
60030.975,0.999915,9999100,11702.86
103940.095,0.999927,9999223,13653.33
133431.295,0.999939,9999344,16384.00
162004.991,0.999945,9999405,18204.44
183500.799,0.999951,9999466,20480.00
223477.759,0.999957,9999528,23405.71
279445.503,0.999963,9999588,27306.67
304087.039,0.999969,9999650,32768.00
316145.663,0.999973,9999681,36408.89
347340.799,0.999976,9999711,40960.00
372506.623,0.999979,9999741,46811.43
400293.887,0.999982,9999771,54613.33
455081.983,0.999985,9999802,65536.00
496500.735,0.999986,9999819,72817.78
513015.807,0.999988,9999832,81920.00
540016.639,0.999989,9999850,93622.86
618659.839,0.999991,9999866,109226.67
673710.079,0.999992,9999879,131072.00
691535.871,0.999993,9999886,145635.56
698875.903,0.999994,9999894,163840.00
708313.087,0.999995,9999904,187245.71
722468.863,0.999995,9999910,218453.33
737673.215,0.999996,9999916,262144.00
782237.695,0.999997,9999920,291271.11
793772.031,0.999997,9999924,327680.00
794296.319,0.999997,9999928,374491.43
826802.175,0.999998,9999934,436906.67
853016.575,0.999998,9999937,524288.00
853016.575,0.999998,9999937,582542.22
853540.863,0.999998,9999940,655360.00
915931.135,0.999999,9999942,748982.86
916455.423,0.999999,9999946,873813.33
916455.423,0.999999,9999946,1048576.00
916455.423,0.999999,9999946,1165084.44
940048.383,0.999999,9999947,1310720.00
940572.671,0.999999,9999951,1497965.71
940572.671,0.999999,9999951,1747626.67
940572.671,1.000000,9999951,2097152.00
940572.671,1.000000,9999951,2330168.89
940572.671,1.000000,9999951,2621440.00
940572.671,1.000000,9999951,2995931.43
941096.959,1.000000,9999952,3495253.33
941096.959,1.000000,9999952,4194304.00
941096.959,1.000000,9999952,4660337.78
977797.119,1.000000,9999953,5242880.00
977797.119,1.000000,9999953,5991862.86
977797.119,1.000000,9999953,6990506.67
977797.119,1.000000,9999953,8388608.00
977797.119,1.000000,9999953,9320675.55
978321.407,1.000000,9999956,10485760.00
978321.407,1.000000,9999956,inf
