Value,Percentile,TotalCount,1/(1-Percentile)
143.871,0.000000,1,1.00
1410.047,0.100000,9506,1.11
2609.151,0.200000,19005,1.25
3790.847,0.300000,28502,1.43
5013.503,0.400000,38016,1.67
6225.919,0.500000,47501,2.00
6819.839,0.550000,52248,2.22
7438.335,0.600000,57008,2.50
8036.351,0.650000,61757,2.86
8650.751,0.700000,66535,3.33
9256.959,0.750000,71290,4.00
9568.255,0.775000,73667,4.44
9871.359,0.800000,75996,5.00
10199.039,0.825000,78410,5.71
10518.527,0.850000,80788,6.67
10821.631,0.875000,83127,8.00
10985.471,0.887500,84329,8.89
11149.311,0.900000,85532,10.00
11313.151,0.912500,86716,11.43
11493.375,0.925000,87889,13.33
11673.599,0.937500,89101,16.00
11763.711,0.943750,89663,17.78
11862.015,0.950000,90290,20.00
11968.511,0.956250,90880,22.86
12083.199,0.962500,91460,26.67
12214.271,0.968750,92039,32.00
12279.807,0.971875,92336,35.56
12353.535,0.975000,92619,40.00
12435.455,0.978125,92920,45.71
12525.567,0.981250,93216,53.33
12632.063,0.984375,93513,64.00
12689.407,0.985938,93672,71.11
12746.751,0.987500,93818,80.00
12812.287,0.989062,93963,91.43
12886.015,0.990625,94104,106.67
12984.319,0.992188,94259,128.00
13033.471,0.992969,94324,142.22
13082.623,0.993750,94400,160.00
13148.159,0.994531,94477,182.86
13221.887,0.995313,94548,213.33
13311.999,0.996094,94623,256.00
13352.959,0.996484,94659,284.44
13402.111,0.996875,94699,320.00
13451.263,0.997266,94734,365.71
13533.183,0.997656,94772,426.67
13615.103,0.998047,94808,512.00
13664.255,0.998242,94828,568.89
13705.215,0.998437,94843,640.00
13770.751,0.998633,94863,731.43
13819.903,0.998828,94880,853.33
13918.207,0.999023,94900,1024.00
14000.127,0.999121,94908,1137.78
14065.663,0.999219,94918,1280.00
14106.623,0.999316,94927,1462.86
14180.351,0.999414,94937,1706.67
14213.119,0.999512,94947,2048.00
14262.271,0.999561,94950,2275.56
14295.039,0.999609,94955,2560.00
14352.383,0.999658,94960,2925.71
14409.727,0.999707,94964,3413.33
14663.679,0.999756,94968,4096.00
14680.063,0.999780,94971,4551.11
14729.215,0.999805,94973,5120.00
14770.175,0.999829,94976,5851.43
14786.559,0.999854,94978,6826.67
14852.095,0.999878,94980,8192.00
14860.287,0.999890,94981,9102.22
14868.479,0.999902,94983,10240.00
14868.479,0.999915,94983,11702.86
15081.471,0.999927,94985,13653.33
15155.199,0.999939,94986,16384.00
15155.199,0.999945,94986,18204.44
15351.807,0.999951,94987,20480.00
15351.807,0.999957,94987,23405.71
15474.687,0.999963,94988,27306.67
15679.487,0.999969,94989,32768.00
15679.487,0.999973,94989,36408.89
15679.487,0.999976,94989,40960.00
15679.487,0.999979,94989,46811.43
15884.287,0.999982,94990,54613.33
15884.287,0.999985,94990,65536.00
15884.287,0.999986,94990,72817.78
15884.287,0.999988,94990,81920.00
15884.287,0.999989,94990,93622.86
15966.207,0.999991,94991,109226.67
15966.207,1.000000,94991,inf
