Value,Percentile,TotalCount,1/(1-Percentile)
155.007,0.000000,1,1.00
245.119,0.100000,503,1.11
261.631,0.200000,1006,1.25
272.895,0.300000,1508,1.43
282.111,0.400000,2003,1.67
292.351,0.500000,2513,2.00
297.215,0.550000,2756,2.22
302.847,0.600000,3007,2.50
308.991,0.650000,3269,2.86
314.879,0.700000,3505,3.33
322.303,0.750000,3757,4.00
326.143,0.775000,3880,4.44
330.239,0.800000,4004,5.00
335.103,0.825000,4132,5.71
340.991,0.850000,4262,6.67
347.903,0.875000,4385,8.00
350.463,0.887500,4445,8.89
353.791,0.900000,4507,10.00
358.911,0.912500,4568,11.43
364.031,0.925000,4632,13.33
368.639,0.937500,4696,16.00
372.223,0.943750,4726,17.78
376.319,0.950000,4757,20.00
380.927,0.956250,4789,22.86
385.791,0.962500,4818,26.67
392.959,0.968750,4849,32.00
395.775,0.971875,4865,35.56
399.615,0.975000,4882,40.00
403.967,0.978125,4897,45.71
408.063,0.981250,4912,53.33
417.535,0.984375,4927,64.00
420.863,0.985938,4935,71.11
426.495,0.987500,4944,80.00
440.575,0.989062,4951,91.43
449.791,0.990625,4959,106.67
460.287,0.992188,4967,128.00
467.711,0.992969,4970,142.22
472.063,0.993750,4974,160.00
478.719,0.994531,4978,182.86
488.703,0.995313,4982,213.33
493.823,0.996094,4986,256.00
500.223,0.996484,4988,284.44
510.719,0.996875,4990,320.00
521.215,0.997266,4992,365.71
552.447,0.997656,4994,426.67
595.455,0.998047,4996,512.00
599.039,0.998242,4997,568.89
667.647,0.998437,4998,640.00
679.423,0.998633,4999,731.43
692.223,0.998828,5000,853.33
709.119,0.999023,5001,1024.00
709.119,0.999121,5001,1137.78
788.991,0.999219,5002,1280.00
788.991,0.999316,5002,1462.86
1197.055,0.999414,5003,1706.67
1197.055,0.999512,5003,2048.00
1197.055,0.999561,5003,2275.56
1535.999,0.999609,5004,2560.00
1535.999,0.999658,5004,2925.71
1535.999,0.999707,5004,3413.33
1535.999,0.999756,5004,4096.00
1535.999,0.999780,5004,4551.11
2551.807,0.999805,5005,5120.00
2551.807,1.000000,5005,inf
