Value,Percentile,TotalCount,1/(1-Percentile)
41.439,0.000000,1,1.00
74.943,0.100000,1002167,1.11
82.751,0.200000,1997005,1.25
89.215,0.300000,2996486,1.43
95.615,0.400000,4002729,1.67
102.271,0.500000,4991593,2.00
106.047,0.550000,5494534,2.22
110.271,0.600000,5992128,2.50
115.327,0.650000,6491341,2.86
121.663,0.700000,6989616,3.33
130.111,0.750000,7487166,4.00
135.679,0.775000,7737175,4.44
142.847,0.800000,7989782,5.00
152.319,0.825000,8235946,5.71
167.423,0.850000,8486357,6.67
205.439,0.875000,8734828,8.00
288.511,0.887500,8859365,8.89
834.559,0.900000,8984241,10.00
1059.839,0.912500,9109075,11.43
1169.407,0.925000,9234145,13.33
1220.607,0.937500,9359461,16.00
1272.831,0.943750,9421349,17.78
1707.007,0.950000,9483207,20.00
1943.551,0.956250,9545659,22.86
2131.967,0.962500,9608028,26.67
2201.599,0.968750,9670616,32.00
2269.183,0.971875,9702170,35.56
2476.031,0.975000,9732826,40.00
2899.967,0.978125,9764131,45.71
3172.351,0.981250,9795707,53.33
3244.031,0.984375,9826496,64.00
3332.095,0.985938,9842239,71.11
3420.159,0.987500,9857772,80.00
3827.711,0.989062,9873192,91.43
4104.191,0.990625,9888744,106.67
4276.223,0.992188,9904363,128.00
4354.047,0.992969,9912606,142.22
4395.007,0.993750,9920007,160.00
4460.543,0.994531,9928104,182.86
4747.263,0.995313,9935537,213.33
5160.959,0.996094,9943363,256.00
5304.319,0.996484,9947333,284.44
5406.719,0.996875,9951207,320.00
5459.967,0.997266,9955355,365.71
5509.119,0.997656,9958924,426.67
5623.807,0.998047,9962867,512.00
5885.951,0.998242,9964781,568.89
6082.559,0.998437,9966754,640.00
6230.015,0.998633,9968727,731.43
6361.087,0.998828,9970687,853.33
6434.815,0.999023,9972596,1024.00
6479.871,0.999121,9973555,1137.78
6508.543,0.999219,9974543,1280.00
6529.023,0.999316,9975524,1462.86
6549.503,0.999414,9976470,1706.67
6578.175,0.999512,9977498,2048.00
6594.559,0.999561,9977990,2275.56
6610.943,0.999609,9978434,2560.00
6635.519,0.999658,9978962,2925.71
6676.479,0.999707,9979394,3413.33
6815.743,0.999756,9979881,4096.00
6922.239,0.999780,9980135,4551.11
6975.487,0.999805,9980370,5120.00
7032.831,0.999829,9980617,5851.43
7090.175,0.999854,9980867,6826.67
7155.711,0.999878,9981100,8192.00
7188.479,0.999890,9981224,9102.22
7213.055,0.999902,9981356,10240.00
7229.439,0.999915,9981475,11702.86
7245.823,0.999927,9981596,13653.33
7258.111,0.999939,9981737,16384.00
7262.207,0.999945,9981802,18204.44
7266.303,0.999951,9981851,20480.00
7270.399,0.999957,9981890,23405.71
7278.591,0.999963,9981998,27306.67
7282.687,0.999969,9982043,32768.00
7282.687,0.999973,9982043,36408.89
7286.783,0.999976,9982104,40960.00
7286.783,0.999979,9982104,46811.43
7290.879,0.999982,9982166,54613.33
7290.879,0.999985,9982166,65536.00
7294.975,0.999986,9982227,72817.78
7294.975,0.999988,9982227,81920.00
7294.975,0.999989,9982227,93622.86
7294.975,0.999991,9982227,109226.67
7299.071,0.999992,9982270,131072.00
7299.071,0.999993,9982270,145635.56
7299.071,0.999994,9982270,163840.00
7299.071,0.999995,9982270,187245.71
7303.167,0.999995,9982315,218453.33
7303.167,0.999996,9982315,262144.00
7303.167,0.999997,9982315,291271.11
7303.167,0.999997,9982315,327680.00
7303.167,0.999997,9982315,374491.43
7303.167,0.999998,9982315,436906.67
7303.167,0.999998,9982315,524288.00
7303.167,0.999998,9982315,582542.22
7303.167,0.999998,9982315,655360.00
7303.167,0.999999,9982315,748982.86
7303.167,0.999999,9982315,873813.33
7303.167,0.999999,9982315,1048576.00
7303.167,0.999999,9982315,1165084.44
7303.167,0.999999,9982315,1310720.00
7303.167,0.999999,9982315,1497965.71
7303.167,0.999999,9982315,1747626.67
7303.167,1.000000,9982315,2097152.00
7303.167,1.000000,9982315,2330168.89
7303.167,1.000000,9982315,2621440.00
7303.167,1.000000,9982315,2995931.43
7303.167,1.000000,9982315,3495253.33
7303.167,1.000000,9982315,4194304.00
7303.167,1.000000,9982315,4660337.78
7303.167,1.000000,9982315,5242880.00
7303.167,1.000000,9982315,5991862.86
7303.167,1.000000,9982315,6990506.67
7303.167,1.000000,9982315,8388608.00
7303.167,1.000000,9982315,9320675.55
7307.263,1.000000,9982353,10485760.00
7307.263,1.000000,9982353,inf
