Value,Percentile,TotalCount,1/(1-Percentile)
23.631,0.000000,1,1.00
103.103,0.100000,999271,1.11
118.207,0.200000,2000550,1.25
129.599,0.300000,2999118,1.43
141.311,0.400000,4001005,1.67
155.263,0.500000,4997895,2.00
164.095,0.550000,5491925,2.22
175.231,0.600000,5995107,2.50
188.671,0.650000,6490968,2.86
204.543,0.700000,6989298,3.33
222.463,0.750000,7488703,4.00
232.191,0.775000,7740992,4.44
242.303,0.800000,7988901,5.00
253.183,0.825000,8238298,5.71
265.215,0.850000,8491207,6.67
278.527,0.875000,8737846,8.00
285.951,0.887500,8861181,8.89
294.399,0.900000,8988576,10.00
303.615,0.912500,9112690,11.43
314.111,0.925000,9236231,13.33
326.655,0.937500,9361091,16.00
334.079,0.943750,9424321,17.78
342.271,0.950000,9485779,20.00
351.999,0.956250,9548651,22.86
363.519,0.962500,9610912,26.67
378.111,0.968750,9673176,32.00
387.071,0.971875,9704383,35.56
397.311,0.975000,9735218,40.00
409.599,0.978125,9766384,45.71
424.703,0.981250,9797338,53.33
443.903,0.984375,9828630,64.00
455.679,0.985938,9844121,71.11
470.015,0.987500,9859729,80.00
486.911,0.989062,9875355,91.43
507.903,0.990625,9890808,106.67
535.039,0.992188,9906507,128.00
551.423,0.992969,9914163,142.22
570.367,0.993750,9921978,160.00
590.847,0.994531,9929790,182.86
614.399,0.995313,9937564,213.33
640.511,0.996094,9945382,256.00
654.847,0.996484,9949273,284.44
670.719,0.996875,9953175,320.00
688.127,0.997266,9957122,365.71
707.071,0.997656,9960994,426.67
728.575,0.998047,9964880,512.00
740.351,0.998242,9966797,568.89
752.639,0.998437,9968780,640.00
765.439,0.998633,9970757,731.43
779.263,0.998828,9972675,853.33
793.599,0.999023,9974614,1024.00
801.791,0.999121,9975614,1137.78
809.983,0.999219,9976575,1280.00
818.175,0.999316,9977562,1462.86
826.879,0.999414,9978521,1706.67
836.095,0.999512,9979497,2048.00
840.703,0.999561,9979975,2275.56
845.823,0.999609,9980475,2560.00
850.943,0.999658,9980949,2925.71
856.063,0.999707,9981429,3413.33
861.183,0.999756,9981904,4096.00
864.255,0.999780,9982172,4551.11
867.327,0.999805,9982443,5120.00
869.887,0.999829,9982651,5851.43
872.959,0.999854,9982917,6826.67
875.519,0.999878,9983131,8192.00
877.055,0.999890,9983253,9102.22
878.591,0.999902,9983374,10240.00
880.127,0.999915,9983521,11702.86
881.663,0.999927,9983639,13653.33
883.199,0.999939,9983761,16384.00
883.711,0.999945,9983799,18204.44
884.735,0.999951,9983879,20480.00
885.247,0.999957,9983920,23405.71
886.271,0.999963,9983985,27306.67
887.295,0.999969,9984059,32768.00
887.807,0.999973,9984107,36408.89
887.807,0.999976,9984107,40960.00
888.319,0.999979,9984161,46811.43
888.319,0.999982,9984161,54613.33
888.831,0.999985,9984207,65536.00
888.831,0.999986,9984207,72817.78
889.343,0.999988,9984244,81920.00
889.343,0.999989,9984244,93622.86
889.855,0.999991,9984295,109226.67
889.855,0.999992,9984295,131072.00
889.855,0.999993,9984295,145635.56
889.855,0.999994,9984295,163840.00
889.855,0.999995,9984295,187245.71
889.855,0.999995,9984295,218453.33
890.367,0.999996,9984346,262144.00
890.367,1.000000,9984346,inf
