Value,Percentile,TotalCount,1/(1-Percentile)
28.575,0.000000,1,1.00
59.999,0.100000,501015,1.11
67.455,0.200000,1000435,1.25
73.791,0.300000,1499883,1.43
80.383,0.400000,2001094,1.67
87.167,0.500000,2501666,2.00
90.815,0.550000,2747493,2.22
95.103,0.600000,2998353,2.50
100.287,0.650000,3248684,2.86
106.943,0.700000,3497855,3.33
116.415,0.750000,3746983,4.00
123.135,0.775000,3872426,4.44
131.583,0.800000,3997041,5.00
141.823,0.825000,4121128,5.71
154.367,0.850000,4246216,6.67
169.599,0.875000,4371633,8.00
178.431,0.887500,4434025,8.89
188.415,0.900000,4495906,10.00
200.063,0.912500,4558509,11.43
213.631,0.925000,4620763,13.33
229.247,0.937500,4683488,16.00
237.951,0.943750,4714521,17.78
247.423,0.950000,4745818,20.00
257.791,0.956250,4776905,22.86
269.823,0.962500,4808300,26.67
283.903,0.968750,4839243,32.00
292.351,0.971875,4855050,35.56
301.823,0.975000,4870725,40.00
313.087,0.978125,4886253,45.71
326.911,0.981250,4901878,53.33
344.831,0.984375,4917433,64.00
355.583,0.985938,4925124,71.11
368.639,0.987500,4932957,80.00
384.255,0.989062,4940656,91.43
403.967,0.990625,4948491,106.67
429.311,0.992188,4956333,128.00
444.159,0.992969,4960172,142.22
461.823,0.993750,4964115,160.00
481.279,0.994531,4967995,182.86
504.063,0.995313,4971903,213.33
531.967,0.996094,4975808,256.00
548.351,0.996484,4977789,284.44
566.271,0.996875,4979684,320.00
586.239,0.997266,4981647,365.71
611.327,0.997656,4983595,426.67
637.439,0.998047,4985558,512.00
650.239,0.998242,4986539,568.89
664.063,0.998437,4987502,640.00
677.375,0.998633,4988463,731.43
693.247,0.998828,4989462,853.33
709.631,0.999023,4990422,1024.00
719.359,0.999121,4990909,1137.78
730.111,0.999219,4991395,1280.00
741.887,0.999316,4991892,1462.86
754.687,0.999414,4992377,1706.67
771.071,0.999512,4992858,2048.00
779.263,0.999561,4993097,2275.56
788.479,0.999609,4993351,2560.00
796.671,0.999658,4993592,2925.71
806.911,0.999707,4993840,3413.33
817.663,0.999756,4994084,4096.00
821.759,0.999780,4994195,4551.11
826.879,0.999805,4994326,5120.00
832.511,0.999829,4994451,5851.43
837.119,0.999854,4994566,6826.67
842.239,0.999878,4994684,8192.00
845.823,0.999890,4994751,9102.22
848.383,0.999902,4994807,10240.00
851.455,0.999915,4994866,11702.86
854.527,0.999927,4994927,13653.33
857.599,0.999939,4994997,16384.00
859.135,0.999945,4995024,18204.44
860.671,0.999951,4995051,20480.00
862.207,0.999957,4995083,23405.71
863.743,0.999963,4995116,27306.67
865.791,0.999969,4995153,32768.00
866.303,0.999973,4995162,36408.89
867.327,0.999976,4995171,40960.00
868.351,0.999979,4995193,46811.43
868.863,0.999982,4995207,54613.33
869.887,0.999985,4995217,65536.00
870.399,0.999986,4995227,72817.78
870.911,0.999988,4995237,81920.00
871.423,0.999989,4995246,93622.86
871.935,0.999991,4995256,109226.67
871.935,0.999992,4995256,131072.00
872.447,0.999993,4995265,145635.56
872.447,0.999994,4995265,163840.00
872.959,0.999995,4995275,187245.71
872.959,0.999995,4995275,218453.33
872.959,0.999996,4995275,262144.00
872.959,0.999997,4995275,291271.11
873.471,0.999997,4995288,327680.00
873.471,0.999997,4995288,374491.43
873.471,0.999998,4995288,436906.67
873.471,0.999998,4995288,524288.00
873.471,0.999998,4995288,582542.22
873.471,0.999998,4995288,655360.00
873.471,0.999999,4995288,748982.86
873.471,0.999999,4995288,873813.33
873.471,0.999999,4995288,1048576.00
873.471,0.999999,4995288,1165084.44
873.983,0.999999,4995298,1310720.00
873.983,1.000000,4995298,inf
