Value,Percentile,TotalCount,1/(1-Percentile)
45.375,0.000000,1,1.00
63.967,0.100000,994226,1.11
67.199,0.200000,1996865,1.25
69.823,0.300000,2979878,1.43
72.319,0.400000,3962675,1.67
74.943,0.500000,4965590,2.00
76.287,0.550000,5446658,2.22
77.823,0.600000,5957386,2.50
79.423,0.650000,6438806,2.86
81.343,0.700000,6940769,3.33
83.583,0.750000,7433227,4.00
84.863,0.775000,7676827,4.44
86.335,0.800000,7926727,5.00
87.999,0.825000,8173836,5.71
89.919,0.850000,8415819,6.67
92.287,0.875000,8661473,8.00
93.759,0.887500,8788461,8.89
95.423,0.900000,8911607,10.00
97.407,0.912500,9033251,11.43
99.967,0.925000,9157450,13.33
103.295,0.937500,9278762,16.00
105.535,0.943750,9341785,17.78
108.159,0.950000,9402629,20.00
111.487,0.956250,9465088,22.86
115.583,0.962500,9526145,26.67
120.895,0.968750,9588427,32.00
124.095,0.971875,9619085,35.56
127.807,0.975000,9650050,40.00
132.095,0.978125,9680788,45.71
137.215,0.981250,9711951,53.33
143.487,0.984375,9742707,64.00
147.583,0.985938,9758495,71.11
152.831,0.987500,9773788,80.00
160.511,0.989062,9789148,91.43
175.231,0.990625,9804554,106.67
1135.615,0.992188,9820101,128.00
1147.903,0.992969,9828456,142.22
1155.071,0.993750,9835977,160.00
1161.215,0.994531,9843904,182.86
1166.335,0.995313,9851419,213.33
1171.455,0.996094,9859593,256.00
1173.503,0.996484,9863036,284.44
1175.551,0.996875,9866661,320.00
1177.599,0.997266,9870263,365.71
1180.671,0.997656,9875826,426.67
1182.719,0.998047,9879679,512.00
1183.743,0.998242,9881571,568.89
1184.767,0.998437,9883500,640.00
1185.791,0.998633,9885435,731.43
1186.815,0.998828,9887242,853.33
1187.839,0.999023,9889201,1024.00
1187.839,0.999121,9889201,1137.78
1188.863,0.999219,9891126,1280.00
1188.863,0.999316,9891126,1462.86
1189.887,0.999414,9893056,1706.67
1189.887,0.999512,9893056,2048.00
1189.887,0.999561,9893056,2275.56
1190.911,0.999609,9894995,2560.00
1190.911,0.999658,9894995,2925.71
1190.911,0.999707,9894995,3413.33
1190.911,0.999756,9894995,4096.00
1191.935,0.999780,9896861,4551.11
1191.935,0.999805,9896861,5120.00
1191.935,0.999829,9896861,5851.43
1191.935,0.999854,9896861,6826.67
1191.935,0.999878,9896861,8192.00
1191.935,0.999890,9896861,9102.22
1191.935,0.999902,9896861,10240.00
1191.935,0.999915,9896861,11702.86
1191.935,0.999927,9896861,13653.33
1191.935,0.999939,9896861,16384.00
1191.935,0.999945,9896861,18204.44
1191.935,0.999951,9896861,20480.00
1191.935,0.999957,9896861,23405.71
1192.959,0.999963,9898904,27306.67
1192.959,1.000000,9898904,inf
