Value,Percentile,TotalCount,1/(1-Percentile)
32.639,0.000000,1,1.00
56.095,0.100000,500925,1.11
62.303,0.200000,1000883,1.25
70.079,0.300000,1501113,1.43
76.351,0.400000,2004411,1.67
81.919,0.500000,2499844,2.00
84.863,0.550000,2753237,2.22
87.935,0.600000,3003508,2.50
91.327,0.650000,3251680,2.86
95.487,0.700000,3501095,3.33
101.183,0.750000,3749806,4.00
105.023,0.775000,3875218,4.44
109.567,0.800000,3999803,5.00
114.879,0.825000,4125473,5.71
120.959,0.850000,4250422,6.67
128.639,0.875000,4374861,8.00
133.631,0.887500,4437347,8.89
139.903,0.900000,4500181,10.00
147.455,0.912500,4562428,11.43
156.287,0.925000,4624594,13.33
165.375,0.937500,4687334,16.00
169.855,0.943750,4718761,17.78
174.463,0.950000,4749287,20.00
179.967,0.956250,4780878,22.86
187.135,0.962500,4811880,26.67
198.911,0.968750,4843049,32.00
207.871,0.971875,4858719,35.56
220.927,0.975000,4874391,40.00
234.239,0.978125,4889955,45.71
245.631,0.981250,4905696,53.33
255.871,0.984375,4921316,64.00
260.735,0.985938,4928958,71.11
265.983,0.987500,4936950,80.00
271.103,0.989062,4944658,91.43
276.735,0.990625,4952639,106.67
282.623,0.992188,4960483,128.00
285.695,0.992969,4964327,142.22
289.023,0.993750,4968174,160.00
292.607,0.994531,4971961,182.86
296.959,0.995313,4975890,213.33
302.591,0.996094,4979886,256.00
305.919,0.996484,4981758,284.44
310.271,0.996875,4983699,320.00
316.415,0.997266,4985616,365.71
326.911,0.997656,4987541,426.67
363.007,0.998047,4989491,512.00
382.463,0.998242,4990481,568.89
394.495,0.998437,4991463,640.00
404.991,0.998633,4992421,731.43
414.207,0.998828,4993401,853.33
422.911,0.999023,4994396,1024.00
426.751,0.999121,4994866,1137.78
431.103,0.999219,4995377,1280.00
435.199,0.999316,4995838,1462.86
439.039,0.999414,4996342,1706.67
442.879,0.999512,4996814,2048.00
444.927,0.999561,4997053,2275.56
446.975,0.999609,4997305,2560.00
449.023,0.999658,4997550,2925.71
451.071,0.999707,4997801,3413.33
453.375,0.999756,4998038,4096.00
454.911,0.999780,4998174,4551.11
455.935,0.999805,4998277,5120.00
457.471,0.999829,4998410,5851.43
458.751,0.999854,4998538,6826.67
460.287,0.999878,4998640,8192.00
461.055,0.999890,4998709,9102.22
461.823,0.999902,4998771,10240.00
462.591,0.999915,4998823,11702.86
463.359,0.999927,4998890,13653.33
464.127,0.999939,4998946,16384.00
464.639,0.999945,4998988,18204.44
464.895,0.999951,4999010,20480.00
465.151,0.999957,4999036,23405.71
465.663,0.999963,4999087,27306.67
465.919,0.999969,4999106,32768.00
466.175,0.999973,4999128,36408.89
466.175,0.999976,4999128,40960.00
466.431,0.999979,4999147,46811.43
466.943,0.999982,4999170,54613.33
467.199,0.999985,4999187,65536.00
467.199,0.999986,4999187,72817.78
467.455,0.999988,4999208,81920.00
467.455,0.999989,4999208,93622.86
467.455,0.999991,4999208,109226.67
467.711,0.999992,4999221,131072.00
467.711,0.999993,4999221,145635.56
467.711,0.999994,4999221,163840.00
467.967,0.999995,4999239,187245.71
467.967,0.999995,4999239,218453.33
467.967,0.999996,4999239,262144.00
467.967,0.999997,4999239,291271.11
467.967,0.999997,4999239,327680.00
467.967,0.999997,4999239,374491.43
467.967,0.999998,4999239,436906.67
468.223,0.999998,4999260,524288.00
468.223,1.000000,4999260,inf
