Value,Percentile,TotalCount,1/(1-Percentile)
74.175,0.000000,1,1.00
107.071,0.100000,499432,1.11
121.599,0.200000,999423,1.25
133.119,0.300000,1500666,1.43
140.927,0.400000,2002692,1.67
150.271,0.500000,2499338,2.00
157.055,0.550000,2745880,2.22
166.655,0.600000,2995909,2.50
178.431,0.650000,3246002,2.86
193.663,0.700000,3495393,3.33
216.319,0.750000,3745110,4.00
223.743,0.775000,3869022,4.44
229.887,0.800000,3996135,5.00
235.647,0.825000,4121162,5.71
241.663,0.850000,4243598,6.67
248.959,0.875000,4368869,8.00
253.439,0.887500,4432095,8.89
258.815,0.900000,4493948,10.00
265.727,0.912500,4556588,11.43
274.943,0.925000,4617767,13.33
289.535,0.937500,4680405,16.00
299.007,0.943750,4711378,17.78
309.503,0.950000,4742672,20.00
321.023,0.956250,4773791,22.86
335.871,0.962500,4804924,26.67
364.287,0.968750,4836247,32.00
378.367,0.971875,4852076,35.56
387.327,0.975000,4867385,40.00
395.775,0.978125,4883294,45.71
403.967,0.981250,4898717,53.33
412.671,0.984375,4914233,64.00
417.535,0.985938,4921954,71.11
422.911,0.987500,4929953,80.00
429.055,0.989062,4937807,91.43
435.967,0.990625,4945394,106.67
444.927,0.992188,4953242,128.00
450.559,0.992969,4957131,142.22
457.471,0.993750,4960987,160.00
466.175,0.994531,4964822,182.86
478.975,0.995313,4968763,213.33
501.247,0.996094,4972621,256.00
520.447,0.996484,4974577,284.44
536.575,0.996875,4976571,320.00
546.815,0.997266,4978528,365.71
555.519,0.997656,4980534,426.67
562.687,0.998047,4982419,512.00
566.783,0.998242,4983438,568.89
570.367,0.998437,4984327,640.00
574.975,0.998633,4985381,731.43
579.583,0.998828,4986345,853.33
584.703,0.999023,4987323,1024.00
587.263,0.999121,4987767,1137.78
589.823,0.999219,4988255,1280.00
592.895,0.999316,4988755,1462.86
595.967,0.999414,4989215,1706.67
599.551,0.999512,4989724,2048.00
601.087,0.999561,4989945,2275.56
603.135,0.999609,4990193,2560.00
605.183,0.999658,4990436,2925.71
607.231,0.999707,4990673,3413.33
609.791,0.999756,4990951,4096.00
610.815,0.999780,4991044,4551.11
611.839,0.999805,4991155,5120.00
613.375,0.999829,4991293,5851.43
614.911,0.999854,4991426,6826.67
615.935,0.999878,4991523,8192.00
616.959,0.999890,4991612,9102.22
617.471,0.999902,4991658,10240.00
617.983,0.999915,4991696,11702.86
618.495,0.999927,4991750,13653.33
619.519,0.999939,4991841,16384.00
619.519,0.999945,4991841,18204.44
620.031,0.999951,4991884,20480.00
620.543,0.999957,4991915,23405.71
621.055,0.999963,4991953,27306.67
621.567,0.999969,4991998,32768.00
621.567,0.999973,4991998,36408.89
621.567,0.999976,4991998,40960.00
622.079,0.999979,4992045,46811.43
622.079,0.999982,4992045,54613.33
622.079,0.999985,4992045,65536.00
622.591,0.999986,4992096,72817.78
622.591,0.999988,4992096,81920.00
622.591,0.999989,4992096,93622.86
622.591,0.999991,4992096,109226.67
622.591,0.999992,4992096,131072.00
622.591,0.999993,4992096,145635.56
622.591,0.999994,4992096,163840.00
622.591,0.999995,4992096,187245.71
622.591,0.999995,4992096,218453.33
622.591,0.999996,4992096,262144.00
623.103,0.999997,4992127,291271.11
623.103,1.000000,4992127,inf
