Value,Percentile,TotalCount,1/(1-Percentile)
39.839,0.000000,1,1.00
67.711,0.100000,1004525,1.11
75.903,0.200000,1998249,1.25
82.431,0.300000,3005550,1.43
88.511,0.400000,4003480,1.67
95.423,0.500000,5001059,2.00
99.327,0.550000,5494232,2.22
103.679,0.600000,5994217,2.50
108.607,0.650000,6494845,2.86
114.495,0.700000,6992881,3.33
122.047,0.750000,7489983,4.00
126.847,0.775000,7739085,4.44
132.735,0.800000,7989244,5.00
140.415,0.825000,8241379,5.71
150.911,0.850000,8489948,6.67
168.319,0.875000,8737836,8.00
185.087,0.887500,8862234,8.89
228.479,0.900000,8987072,10.00
709.631,0.912500,9111783,11.43
1033.215,0.925000,9236681,13.33
1165.311,0.937500,9361782,16.00
1195.007,0.943750,9426017,17.78
1221.631,0.950000,9486646,20.00
1290.239,0.956250,9548950,22.86
1840.127,0.962500,9611048,26.67
2117.631,0.968750,9674203,32.00
2158.591,0.971875,9704763,35.56
2222.079,0.975000,9736280,40.00
2303.999,0.978125,9767222,45.71
2746.367,0.981250,9798270,53.33
3155.967,0.984375,9829507,64.00
3235.839,0.985938,9845231,71.11
3356.671,0.987500,9860759,80.00
3446.783,0.989062,9876377,91.43
3977.215,0.990625,9891902,106.67
4288.511,0.992188,9907700,128.00
4386.815,0.992969,9915354,142.22
4476.927,0.993750,9923128,160.00
4763.647,0.994531,9930883,182.86
5267.455,0.995313,9938713,213.33
5529.599,0.996094,9946531,256.00
5574.655,0.996484,9950589,284.44
5705.727,0.996875,9954314,320.00
6168.575,0.997266,9958187,365.71
6381.567,0.997656,9962148,426.67
6578.175,0.998047,9966101,512.00
6610.943,0.998242,9968166,568.89
6639.615,0.998437,9970041,640.00
6692.863,0.998633,9971900,731.43
7090.175,0.998828,9973795,853.33
7397.375,0.999023,9975740,1024.00
7532.543,0.999121,9976714,1137.78
7647.231,0.999219,9977741,1280.00
7675.903,0.999316,9978728,1462.86
7700.479,0.999414,9979663,1706.67
7745.535,0.999512,9980646,2048.00
7798.783,0.999561,9981107,2275.56
8011.775,0.999609,9981584,2560.00
8171.519,0.999658,9982067,2925.71
8335.359,0.999707,9982568,3413.33
8413.183,0.999756,9983056,4096.00
8437.759,0.999780,9983289,4551.11
8470.527,0.999805,9983568,5120.00
8495.103,0.999829,9983778,5851.43
8544.255,0.999854,9984027,6826.67
8634.367,0.999878,9984274,8192.00
8658.943,0.999890,9984417,9102.22
8675.327,0.999902,9984525,10240.00
8691.711,0.999915,9984634,11702.86
8708.095,0.999927,9984773,13653.33
8716.287,0.999939,9984878,16384.00
8724.479,0.999945,9985011,18204.44
8724.479,0.999951,9985011,20480.00
8732.671,0.999957,9985178,23405.71
8732.671,0.999963,9985178,27306.67
8732.671,0.999969,9985178,32768.00
8740.863,0.999973,9985359,36408.89
8740.863,0.999976,9985359,40960.00
8740.863,0.999979,9985359,46811.43
8740.863,0.999982,9985359,54613.33
8740.863,0.999985,9985359,65536.00
8740.863,0.999986,9985359,72817.78
8740.863,0.999988,9985359,81920.00
8749.055,0.999989,9985561,93622.86
8749.055,1.000000,9985561,inf
