Value,Percentile,TotalCount,1/(1-Percentile)
35.743,0.000000,1,1.00
69.119,0.100000,50165,1.11
78.591,0.200000,100275,1.25
86.975,0.300000,150276,1.43
94.143,0.400000,200637,1.67
101.439,0.500000,250583,2.00
105.663,0.550000,275768,2.22
110.527,0.600000,300564,2.50
116.607,0.650000,325589,2.86
124.671,0.700000,350721,3.33
135.167,0.750000,375813,4.00
141.311,0.775000,388370,4.44
148.223,0.800000,400726,5.00
156.799,0.825000,413338,5.71
167.295,0.850000,425819,6.67
180.863,0.875000,438299,8.00
188.671,0.887500,444570,8.89
197.375,0.900000,450828,10.00
206.719,0.912500,457072,11.43
217.343,0.925000,463349,13.33
230.271,0.937500,469625,16.00
238.463,0.943750,472738,17.78
248.191,0.950000,475870,20.00
260.095,0.956250,478989,22.86
275.455,0.962500,482156,26.67
296.447,0.968750,485246,32.00
311.551,0.971875,486835,35.56
329.727,0.975000,488397,40.00
348.927,0.978125,489951,45.71
368.383,0.981250,491522,53.33
392.447,0.984375,493076,64.00
408.831,0.985938,493857,71.11
430.079,0.987500,494641,80.00
453.119,0.989062,495423,91.43
474.623,0.990625,496213,106.67
492.287,0.992188,496997,128.00
500.735,0.992969,497378,142.22
510.719,0.993750,497781,160.00
522.239,0.994531,498163,182.86
536.575,0.995313,498556,213.33
556.543,0.996094,498950,256.00
570.879,0.996484,499141,284.44
588.799,0.996875,499336,320.00
610.303,0.997266,499531,365.71
636.927,0.997656,499727,426.67
664.575,0.998047,499923,512.00
678.399,0.998242,500019,568.89
694.783,0.998437,500119,640.00
710.143,0.998633,500218,731.43
728.575,0.998828,500313,853.33
749.055,0.999023,500413,1024.00
761.855,0.999121,500459,1137.78
778.239,0.999219,500508,1280.00
794.623,0.999316,500557,1462.86
811.007,0.999414,500606,1706.67
835.071,0.999512,500656,2048.00
843.775,0.999561,500679,2275.56
856.575,0.999609,500704,2560.00
873.471,0.999658,500728,2925.71
908.799,0.999707,500753,3413.33
941.055,0.999756,500777,4096.00
969.727,0.999780,500789,4551.11
998.399,0.999805,500803,5120.00
1010.175,0.999829,500814,5851.43
1032.703,0.999854,500826,6826.67
1053.695,0.999878,500838,8192.00
1064.959,0.999890,500844,9102.22
1081.343,0.999902,500851,10240.00
1097.727,0.999915,500857,11702.86
1122.303,0.999927,500864,13653.33
1135.615,0.999939,500869,16384.00
1153.023,0.999945,500872,18204.44
1164.287,0.999951,500875,20480.00
1167.359,0.999957,500878,23405.71
1173.503,0.999963,500881,27306.67
1188.863,0.999969,500884,32768.00
1196.031,0.999973,500886,36408.89
1204.223,0.999976,500887,40960.00
1207.295,0.999979,500889,46811.43
1208.319,0.999982,500890,54613.33
1219.583,0.999985,500892,65536.00
1225.727,0.999986,500894,72817.78
1225.727,0.999988,500894,81920.00
1225.727,0.999989,500894,93622.86
1226.751,0.999991,500896,109226.67
1226.751,0.999992,500896,131072.00
1226.751,0.999993,500896,145635.56
1226.751,0.999994,500896,163840.00
1229.823,0.999995,500898,187245.71
1229.823,0.999995,500898,218453.33
1229.823,0.999996,500898,262144.00
1229.823,0.999997,500898,291271.11
1229.823,0.999997,500898,327680.00
1229.823,0.999997,500898,374491.43
1229.823,0.999998,500898,436906.67
1231.871,0.999998,500899,524288.00
1231.871,1.000000,500899,inf
