Value,Percentile,TotalCount,1/(1-Percentile)
23.487,0.000000,1,1.00
93.375,0.100000,947932,1.11
103.999,0.200000,1901534,1.25
111.359,0.300000,2851078,1.43
119.935,0.400000,3795672,1.67
133.119,0.500000,4741260,2.00
142.975,0.550000,5216648,2.22
153.855,0.600000,5686900,2.50
165.119,0.650000,6161048,2.86
177.407,0.700000,6637569,3.33
191.231,0.750000,7111932,4.00
198.527,0.775000,7348436,4.44
206.207,0.800000,7585698,5.00
214.399,0.825000,7820314,5.71
223.487,0.850000,8057223,6.67
234.111,0.875000,8294567,8.00
240.383,0.887500,8412158,8.89
247.807,0.900000,8530474,10.00
256.639,0.912500,8648943,11.43
267.519,0.925000,8768125,13.33
281.087,0.937500,8885216,16.00
289.535,0.943750,8944520,17.78
299.519,0.950000,9004046,20.00
311.807,0.956250,9062844,22.86
328.447,0.962500,9122231,26.67
352.767,0.968750,9181533,32.00
369.663,0.971875,9210917,35.56
390.399,0.975000,9240651,40.00
410.367,0.978125,9270461,45.71
429.055,0.981250,9300054,53.33
451.071,0.984375,9329594,64.00
465.151,0.985938,9344204,71.11
483.839,0.987500,9359008,80.00
507.391,0.989062,9373872,91.43
529.919,0.990625,9388725,106.67
547.839,0.992188,9403754,128.00
556.031,0.992969,9411123,142.22
564.223,0.993750,9418249,160.00
573.439,0.994531,9425686,182.86
583.679,0.995313,9433068,213.33
595.967,0.996094,9440630,256.00
602.623,0.996484,9444131,284.44
610.815,0.996875,9447952,320.00
620.031,0.997266,9451651,365.71
630.783,0.997656,9455283,426.67
643.071,0.998047,9458918,512.00
650.751,0.998242,9460894,568.89
658.431,0.998437,9462705,640.00
666.623,0.998633,9464520,731.43
675.327,0.998828,9466334,853.33
685.567,0.999023,9468171,1024.00
691.199,0.999121,9469143,1137.78
696.319,0.999219,9470034,1280.00
701.951,0.999316,9470987,1462.86
708.095,0.999414,9471912,1706.67
714.239,0.999512,9472828,2048.00
717.311,0.999561,9473293,2275.56
720.895,0.999609,9473801,2560.00
723.967,0.999658,9474263,2925.71
727.039,0.999707,9474694,3413.33
730.111,0.999756,9475134,4096.00
731.647,0.999780,9475345,4551.11
733.695,0.999805,9475631,5120.00
735.231,0.999829,9475857,5851.43
736.767,0.999854,9476098,6826.67
738.303,0.999878,9476341,8192.00
738.815,0.999890,9476420,9102.22
739.327,0.999902,9476501,10240.00
740.351,0.999915,9476654,11702.86
741.375,0.999927,9476775,13653.33
741.887,0.999939,9476855,16384.00
742.399,0.999945,9476920,18204.44
742.911,0.999951,9476992,20480.00
743.423,0.999957,9477066,23405.71
743.935,0.999963,9477139,27306.67
743.935,0.999969,9477139,32768.00
744.447,0.999973,9477206,36408.89
744.447,0.999976,9477206,40960.00
744.959,0.999979,9477280,46811.43
744.959,0.999982,9477280,54613.33
745.471,0.999985,9477374,65536.00
745.471,0.999986,9477374,72817.78
745.471,0.999988,9477374,81920.00
745.471,0.999989,9477374,93622.86
745.471,0.999991,9477374,109226.67
745.471,0.999992,9477374,131072.00
745.471,0.999993,9477374,145635.56
745.471,0.999994,9477374,163840.00
745.983,0.999995,9477456,187245.71
745.983,1.000000,9477456,inf
