Value,Percentile,TotalCount,1/(1-Percentile)
49.087,0.000000,1,1.00
68.991,0.100000,996835,1.11
74.623,0.200000,2003076,1.25
78.527,0.300000,2995410,1.43
82.111,0.400000,3993391,1.67
85.951,0.500000,4980559,2.00
88.063,0.550000,5478141,2.22
90.303,0.600000,5980148,2.50
92.607,0.650000,6472806,2.86
95.103,0.700000,6971950,3.33
97.855,0.750000,7468631,4.00
99.327,0.775000,7707290,4.44
101.055,0.800000,7962234,5.00
102.911,0.825000,8206285,5.71
105.087,0.850000,8454564,6.67
107.711,0.875000,8701520,8.00
109.311,0.887500,8826580,8.89
111.167,0.900000,8951585,10.00
113.343,0.912500,9075040,11.43
116.031,0.925000,9200388,13.33
119.423,0.937500,9323969,16.00
121.535,0.943750,9386692,17.78
123.967,0.950000,9448383,20.00
126.783,0.956250,9509754,22.86
130.047,0.962500,9571865,26.67
133.887,0.968750,9635205,32.00
135.935,0.971875,9664977,35.56
138.367,0.975000,9696240,40.00
141.311,0.978125,9727713,45.71
145.023,0.981250,9758897,53.33
150.015,0.984375,9789153,64.00
153.599,0.985938,9804790,71.11
158.591,0.987500,9820431,80.00
166.399,0.989062,9835818,91.43
183.551,0.990625,9851250,106.67
373.247,0.992188,9866739,128.00
1161.215,0.992969,9874931,142.22
1179.647,0.993750,9882347,160.00
1195.007,0.994531,9890107,182.86
1206.271,0.995313,9898671,213.33
1213.439,0.996094,9906660,256.00
1216.511,0.996484,9910792,284.44
1218.559,0.996875,9913749,320.00
1221.631,0.997266,9918447,365.71
1223.679,0.997656,9921605,426.67
1226.751,0.998047,9926430,512.00
1227.775,0.998242,9928062,568.89
1228.799,0.998437,9929685,640.00
1229.823,0.998633,9931319,731.43
1230.847,0.998828,9932966,853.33
1232.895,0.999023,9936144,1024.00
1232.895,0.999121,9936144,1137.78
1233.919,0.999219,9937752,1280.00
1233.919,0.999316,9937752,1462.86
1234.943,0.999414,9939334,1706.67
1235.967,0.999512,9940963,2048.00
1235.967,0.999561,9940963,2275.56
1235.967,0.999609,9940963,2560.00
1236.991,0.999658,9942510,2925.71
1236.991,0.999707,9942510,3413.33
1236.991,0.999756,9942510,4096.00
1236.991,0.999780,9942510,4551.11
1236.991,0.999805,9942510,5120.00
1238.015,0.999829,9944089,5851.43
1238.015,0.999854,9944089,6826.67
1238.015,0.999878,9944089,8192.00
1238.015,0.999890,9944089,9102.22
1238.015,0.999902,9944089,10240.00
1238.015,0.999915,9944089,11702.86
1238.015,0.999927,9944089,13653.33
1238.015,0.999939,9944089,16384.00
1238.015,0.999945,9944089,18204.44
1238.015,0.999951,9944089,20480.00
1238.015,0.999957,9944089,23405.71
1238.015,0.999963,9944089,27306.67
1239.039,0.999969,9945638,32768.00
1239.039,1.000000,9945638,inf
