Value,Percentile,TotalCount,1/(1-Percentile)
70.015,0.000000,1,1.00
100.031,0.100000,501365,1.11
110.847,0.200000,999963,1.25
130.559,0.300000,1499964,1.43
153.087,0.400000,2000604,1.67
171.263,0.500000,2499356,2.00
180.351,0.550000,2748958,2.22
189.439,0.600000,3000092,2.50
198.655,0.650000,3248846,2.86
209.663,0.700000,3498262,3.33
223.615,0.750000,3749186,4.00
231.935,0.775000,3874388,4.44
240.767,0.800000,3998747,5.00
249.727,0.825000,4123794,5.71
258.815,0.850000,4248461,6.67
268.543,0.875000,4373587,8.00
273.919,0.887500,4436553,8.89
279.807,0.900000,4498155,10.00
286.719,0.912500,4560215,11.43
295.423,0.925000,4623195,13.33
306.687,0.937500,4685729,16.00
313.087,0.943750,4716233,17.78
320.255,0.950000,4748519,20.00
327.423,0.956250,4778826,22.86
335.615,0.962500,4810432,26.67
344.831,0.968750,4841261,32.00
350.207,0.971875,4856969,35.56
356.095,0.975000,4872389,40.00
363.007,0.978125,4888453,45.71
370.687,0.981250,4903659,53.33
380.415,0.984375,4919271,64.00
386.559,0.985938,4927293,71.11
393.215,0.987500,4934879,80.00
400.639,0.989062,4942739,91.43
408.575,0.990625,4950520,106.67
417.535,0.992188,4958460,128.00
422.399,0.992969,4962321,142.22
427.519,0.993750,4966139,160.00
433.663,0.994531,4970096,182.86
440.575,0.995313,4973930,213.33
449.279,0.996094,4977795,256.00
454.655,0.996484,4979743,284.44
460.799,0.996875,4981735,320.00
467.711,0.997266,4983636,365.71
475.903,0.997656,4985606,426.67
485.631,0.998047,4987554,512.00
490.495,0.998242,4988527,568.89
495.871,0.998437,4989484,640.00
501.503,0.998633,4990491,731.43
507.391,0.998828,4991464,853.33
514.047,0.999023,4992433,1024.00
517.887,0.999121,4992915,1137.78
522.239,0.999219,4993395,1280.00
526.847,0.999316,4993904,1462.86
531.967,0.999414,4994402,1706.67
537.087,0.999512,4994867,2048.00
539.647,0.999561,4995112,2275.56
542.719,0.999609,4995352,2560.00
545.791,0.999658,4995591,2925.71
549.375,0.999707,4995829,3413.33
552.959,0.999756,4996078,4096.00
555.007,0.999780,4996223,4551.11
556.543,0.999805,4996330,5120.00
558.591,0.999829,4996467,5851.43
560.639,0.999854,4996584,6826.67
562.687,0.999878,4996692,8192.00
563.711,0.999890,4996741,9102.22
565.247,0.999902,4996812,10240.00
566.783,0.999915,4996881,11702.86
567.807,0.999927,4996927,13653.33
569.343,0.999939,4996993,16384.00
569.855,0.999945,4997020,18204.44
570.367,0.999951,4997052,20480.00
571.391,0.999957,4997092,23405.71
571.903,0.999963,4997107,27306.67
572.927,0.999969,4997155,32768.00
572.927,0.999973,4997155,36408.89
573.439,0.999976,4997175,40960.00
573.951,0.999979,4997195,46811.43
574.463,0.999982,4997214,54613.33
574.463,0.999985,4997214,65536.00
574.975,0.999986,4997229,72817.78
574.975,0.999988,4997229,81920.00
575.487,0.999989,4997247,93622.86
575.487,0.999991,4997247,109226.67
575.999,0.999992,4997272,131072.00
575.999,0.999993,4997272,145635.56
575.999,0.999994,4997272,163840.00
575.999,0.999995,4997272,187245.71
575.999,0.999995,4997272,218453.33
575.999,0.999996,4997272,262144.00
575.999,0.999997,4997272,291271.11
576.511,0.999997,4997293,327680.00
576.511,1.000000,4997293,inf
