Value,Percentile,TotalCount,1/(1-Percentile)
36.287,0.000000,1,1.00
54.911,0.100000,501131,1.11
65.247,0.200000,1000680,1.25
72.319,0.300000,1501989,1.43
79.167,0.400000,2001587,1.67
96.959,0.500000,2499158,2.00
116.607,0.550000,2748898,2.22
130.367,0.600000,2998035,2.50
141.951,0.650000,3247987,2.86
152.447,0.700000,3498040,3.33
163.327,0.750000,3748327,4.00
169.343,0.775000,3874081,4.44
176.127,0.800000,3999367,5.00
184.063,0.825000,4123688,5.71
193.663,0.850000,4247187,6.67
205.695,0.875000,4372334,8.00
212.351,0.887500,4434839,8.89
219.263,0.900000,4497846,10.00
226.175,0.912500,4559613,11.43
233.343,0.925000,4622521,13.33
240.895,0.937500,4684763,16.00
244.991,0.943750,4715931,17.78
249.599,0.950000,4747431,20.00
254.719,0.956250,4778629,22.86
260.863,0.962500,4809740,26.67
268.287,0.968750,4840589,32.00
272.895,0.971875,4856495,35.56
278.015,0.975000,4872016,40.00
283.903,0.978125,4887508,45.71
290.815,0.981250,4903000,53.33
299.263,0.984375,4918720,64.00
304.127,0.985938,4926513,71.11
309.503,0.987500,4934436,80.00
315.391,0.989062,4942249,91.43
321.791,0.990625,4949823,106.67
329.471,0.992188,4957715,128.00
333.823,0.992969,4961626,142.22
338.687,0.993750,4965551,160.00
343.807,0.994531,4969314,182.86
349.951,0.995313,4973237,213.33
356.607,0.996094,4977126,256.00
360.191,0.996484,4979074,284.44
364.287,0.996875,4981015,320.00
368.639,0.997266,4982960,365.71
373.759,0.997656,4984901,426.67
379.647,0.998047,4986939,512.00
383.231,0.998242,4987887,568.89
387.071,0.998437,4988854,640.00
391.423,0.998633,4989790,731.43
397.055,0.998828,4990770,853.33
403.455,0.999023,4991745,1024.00
407.039,0.999121,4992226,1137.78
411.135,0.999219,4992705,1280.00
415.999,0.999316,4993217,1462.86
421.119,0.999414,4993688,1706.67
426.751,0.999512,4994187,2048.00
429.567,0.999561,4994424,2275.56
432.639,0.999609,4994658,2560.00
435.711,0.999658,4994908,2925.71
438.783,0.999707,4995150,3413.33
442.367,0.999756,4995393,4096.00
443.903,0.999780,4995512,4551.11
445.951,0.999805,4995638,5120.00
447.743,0.999829,4995768,5851.43
449.535,0.999854,4995877,6826.67
451.839,0.999878,4996005,8192.00
452.607,0.999890,4996061,9102.22
453.887,0.999902,4996129,10240.00
454.911,0.999915,4996190,11702.86
455.679,0.999927,4996249,13653.33
456.959,0.999939,4996311,16384.00
457.471,0.999945,4996343,18204.44
457.983,0.999951,4996378,20480.00
458.495,0.999957,4996405,23405.71
459.007,0.999963,4996436,27306.67
459.519,0.999969,4996461,32768.00
459.775,0.999973,4996472,36408.89
460.031,0.999976,4996492,40960.00
460.287,0.999979,4996510,46811.43
460.543,0.999982,4996520,54613.33
460.799,0.999985,4996533,65536.00
461.055,0.999986,4996545,72817.78
461.311,0.999988,4996555,81920.00
461.311,0.999989,4996555,93622.86
461.567,0.999991,4996568,109226.67
461.823,0.999992,4996580,131072.00
461.823,0.999993,4996580,145635.56
461.823,0.999994,4996580,163840.00
462.079,0.999995,4996589,187245.71
462.079,0.999995,4996589,218453.33
462.079,0.999996,4996589,262144.00
462.335,0.999997,4996600,291271.11
462.335,0.999997,4996600,327680.00
462.335,0.999997,4996600,374491.43
462.335,0.999998,4996600,436906.67
462.335,0.999998,4996600,524288.00
462.335,0.999998,4996600,582542.22
462.591,0.999998,4996614,655360.00
462.591,1.000000,4996614,inf
