Value,Percentile,TotalCount,1/(1-Percentile)
41.215,0.000000,1,1.00
67.327,0.100000,998825,1.11
74.111,0.200000,2000157,1.25
79.999,0.300000,3003871,1.43
85.311,0.400000,4004979,1.67
91.391,0.500000,4998095,2.00
95.167,0.550000,5498909,2.22
99.711,0.600000,5996600,2.50
105.279,0.650000,6492703,2.86
112.191,0.700000,6991370,3.33
121.215,0.750000,7491950,4.00
127.039,0.775000,7740275,4.44
134.399,0.800000,7990873,5.00
144.767,0.825000,8240705,5.71
162.559,0.850000,8489020,6.67
243.455,0.875000,8738440,8.00
814.079,0.887500,8863337,8.89
1033.727,0.900000,8988360,10.00
1139.711,0.912500,9112989,11.43
1195.007,0.925000,9238968,13.33
1267.711,0.937500,9362884,16.00
1705.983,0.943750,9425124,17.78
1921.023,0.950000,9487694,20.00
2115.583,0.956250,9551312,22.86
2158.591,0.962500,9612831,26.67
2230.271,0.968750,9675849,32.00
2275.327,0.971875,9705937,35.56
2607.103,0.975000,9737178,40.00
2955.263,0.978125,9768399,45.71
3180.543,0.981250,9799838,53.33
3270.655,0.984375,9830792,64.00
3319.807,0.985938,9846356,71.11
3409.919,0.987500,9861942,80.00
3928.063,0.989062,9877570,91.43
4159.487,0.990625,9893157,106.67
4349.951,0.992188,9909013,128.00
4378.623,0.992969,9916617,142.22
4411.391,0.993750,9924869,160.00
4489.215,0.994531,9932171,182.86
4964.351,0.995313,9939992,213.33
5189.631,0.996094,9947786,256.00
5332.991,0.996484,9951751,284.44
5414.911,0.996875,9955632,320.00
5439.487,0.997266,9960035,365.71
5459.967,0.997656,9964013,426.67
5484.543,0.998047,9967423,512.00
5509.119,0.998242,9969215,568.89
5578.751,0.998437,9971171,640.00
5894.143,0.998633,9973150,731.43
6074.367,0.998828,9975066,853.33
6201.343,0.999023,9977087,1024.00
6230.015,0.999121,9977998,1137.78
6266.879,0.999219,9978963,1280.00
6344.703,0.999316,9979945,1462.86
6430.719,0.999414,9980918,1706.67
6467.583,0.999512,9981979,2048.00
6475.775,0.999561,9982473,2275.56
6483.967,0.999609,9983104,2560.00
6488.063,0.999658,9983455,2925.71
6496.255,0.999707,9984212,3413.33
6500.351,0.999756,9984612,4096.00
6500.351,0.999780,9984612,4551.11
6504.447,0.999805,9985023,5120.00
6508.543,0.999829,9985428,5851.43
6508.543,0.999854,9985428,6826.67
6512.639,0.999878,9985863,8192.00
6512.639,0.999890,9985863,9102.22
6512.639,0.999902,9985863,10240.00
6516.735,0.999915,9986249,11702.86
6516.735,0.999927,9986249,13653.33
6516.735,0.999939,9986249,16384.00
6516.735,0.999945,9986249,18204.44
6520.831,0.999951,9986613,20480.00
6520.831,0.999957,9986613,23405.71
6520.831,0.999963,9986613,27306.67
6520.831,0.999969,9986613,32768.00
6520.831,0.999973,9986613,36408.89
6520.831,0.999976,9986613,40960.00
6520.831,0.999979,9986613,46811.43
6520.831,0.999982,9986613,54613.33
6520.831,0.999985,9986613,65536.00
6524.927,0.999986,9986976,72817.78
6524.927,1.000000,9986976,inf
