Value,Percentile,TotalCount,1/(1-Percentile)
34.463,0.000000,1,1.00
71.615,0.100000,49967,1.11
84.223,0.200000,99930,1.25
93.439,0.300000,149761,1.43
101.823,0.400000,199434,1.67
110.591,0.500000,249367,2.00
115.327,0.550000,274184,2.22
120.511,0.600000,299085,2.50
126.335,0.650000,324099,2.86
133.247,0.700000,349272,3.33
141.695,0.750000,373933,4.00
147.071,0.775000,386440,4.44
153.471,0.800000,398886,5.00
161.535,0.825000,411227,5.71
171.903,0.850000,423736,6.67
185.599,0.875000,436236,8.00
193.791,0.887500,442422,8.89
203.263,0.900000,448695,10.00
214.143,0.912500,454871,11.43
226.175,0.925000,461090,13.33
239.999,0.937500,467308,16.00
248.063,0.943750,470429,17.78
256.639,0.950000,473529,20.00
266.751,0.956250,476694,22.86
278.527,0.962500,479821,26.67
293.119,0.968750,482887,32.00
302.591,0.971875,484459,35.56
313.343,0.975000,485999,40.00
326.399,0.978125,487552,45.71
342.271,0.981250,489113,53.33
360.703,0.984375,490679,64.00
370.943,0.985938,491452,71.11
382.207,0.987500,492226,80.00
393.983,0.989062,493012,91.43
407.295,0.990625,493794,106.67
422.143,0.992188,494557,128.00
431.103,0.992969,494950,142.22
441.343,0.993750,495348,160.00
452.863,0.994531,495729,182.86
466.175,0.995313,496120,213.33
485.631,0.996094,496505,256.00
498.175,0.996484,496698,284.44
514.047,0.996875,496895,320.00
530.943,0.997266,497093,365.71
547.839,0.997656,497283,426.67
570.367,0.998047,497479,512.00
583.167,0.998242,497574,568.89
597.503,0.998437,497672,640.00
610.815,0.998633,497769,731.43
632.319,0.998828,497869,853.33
664.063,0.999023,497964,1024.00
680.959,0.999121,498012,1137.78
704.511,0.999219,498063,1280.00
726.015,0.999316,498110,1462.86
752.127,0.999414,498159,1706.67
784.383,0.999512,498208,2048.00
795.647,0.999561,498231,2275.56
816.127,0.999609,498256,2560.00
848.383,0.999658,498281,2925.71
875.519,0.999707,498305,3413.33
907.263,0.999756,498329,4096.00
925.183,0.999780,498341,4551.11
940.543,0.999805,498353,5120.00
954.879,0.999829,498365,5851.43
982.527,0.999854,498377,6826.67
1010.175,0.999878,498390,8192.00
1020.415,0.999890,498396,9102.22
1035.263,0.999902,498402,10240.00
1056.767,0.999915,498408,11702.86
1073.151,0.999927,498416,13653.33
1088.511,0.999939,498420,16384.00
1097.727,0.999945,498423,18204.44
1127.423,0.999951,498426,20480.00
1131.519,0.999957,498429,23405.71
1147.903,0.999963,498432,27306.67
1159.167,0.999969,498435,32768.00
1170.431,0.999973,498437,36408.89
1176.575,0.999976,498438,40960.00
1181.695,0.999979,498440,46811.43
1188.863,0.999982,498441,54613.33
1191.935,0.999985,498443,65536.00
1198.079,0.999986,498445,72817.78
1198.079,0.999988,498445,81920.00
1198.079,0.999989,498445,93622.86
1199.103,0.999991,498446,109226.67
1200.127,0.999992,498447,131072.00
1200.127,0.999993,498447,145635.56
1200.127,0.999994,498447,163840.00
1204.223,0.999995,498448,187245.71
1204.223,0.999995,498448,218453.33
1205.247,0.999996,498449,262144.00
1205.247,0.999997,498449,291271.11
1205.247,0.999997,498449,327680.00
1205.247,0.999997,498449,374491.43
1205.247,0.999998,498449,436906.67
1221.631,0.999998,498450,524288.00
1221.631,1.000000,498450,inf
