Value,Percentile,TotalCount,1/(1-Percentile)
23.503,0.000000,1,1.00
96.639,0.100000,950626,1.11
112.895,0.200000,1899315,1.25
126.527,0.300000,2848262,1.43
140.159,0.400000,3801410,1.67
155.263,0.500000,4745438,2.00
164.479,0.550000,5218801,2.22
174.975,0.600000,5693689,2.50
186.623,0.650000,6169852,2.86
199.295,0.700000,6641280,3.33
213.887,0.750000,7117114,4.00
222.335,0.775000,7354756,4.44
231.935,0.800000,7590750,5.00
243.327,0.825000,7828482,5.71
256.767,0.850000,8064220,6.67
273.407,0.875000,8304011,8.00
282.879,0.887500,8421386,8.89
293.375,0.900000,8538313,10.00
305.407,0.912500,8657024,11.43
319.231,0.925000,8776954,13.33
335.615,0.937500,8894398,16.00
345.343,0.943750,8953865,17.78
356.351,0.950000,9013154,20.00
368.895,0.956250,9071800,22.86
383.999,0.962500,9132017,26.67
401.663,0.968750,9190770,32.00
412.159,0.971875,9220626,35.56
423.679,0.975000,9249778,40.00
436.479,0.978125,9279417,45.71
450.815,0.981250,9308991,53.33
467.711,0.984375,9338773,64.00
477.439,0.985938,9353785,71.11
488.191,0.987500,9368561,80.00
500.991,0.989062,9383264,91.43
516.095,0.990625,9398034,106.67
535.039,0.992188,9412882,128.00
545.791,0.992969,9420381,142.22
557.055,0.993750,9427663,160.00
569.343,0.994531,9435226,182.86
582.655,0.995313,9442546,213.33
597.503,0.996094,9449793,256.00
605.695,0.996484,9453498,284.44
614.911,0.996875,9457395,320.00
624.127,0.997266,9460921,365.71
634.879,0.997656,9464712,426.67
646.655,0.998047,9468352,512.00
653.311,0.998242,9470231,568.89
660.991,0.998437,9472106,640.00
669.183,0.998633,9473958,731.43
678.399,0.998828,9475766,853.33
688.639,0.999023,9477600,1024.00
694.271,0.999121,9478551,1137.78
699.903,0.999219,9479419,1280.00
706.559,0.999316,9480401,1462.86
713.215,0.999414,9481318,1706.67
719.871,0.999512,9482223,2048.00
723.455,0.999561,9482692,2275.56
727.551,0.999609,9483194,2560.00
730.623,0.999658,9483601,2925.71
734.719,0.999707,9484056,3413.33
738.815,0.999756,9484549,4096.00
740.863,0.999780,9484776,4551.11
742.911,0.999805,9484999,5120.00
744.959,0.999829,9485215,5851.43
747.519,0.999854,9485490,6826.67
749.567,0.999878,9485699,8192.00
750.591,0.999890,9485803,9102.22
752.127,0.999902,9485949,10240.00
753.151,0.999915,9486033,11702.86
754.687,0.999927,9486163,13653.33
755.711,0.999939,9486264,16384.00
756.223,0.999945,9486306,18204.44
757.247,0.999951,9486392,20480.00
757.759,0.999957,9486439,23405.71
758.271,0.999963,9486491,27306.67
758.783,0.999969,9486538,32768.00
759.295,0.999973,9486585,36408.89
759.807,0.999976,9486640,40960.00
759.807,0.999979,9486640,46811.43
760.319,0.999982,9486690,54613.33
760.319,0.999985,9486690,65536.00
760.831,0.999986,9486728,72817.78
760.831,0.999988,9486728,81920.00
760.831,0.999989,9486728,93622.86
761.343,0.999991,9486775,109226.67
761.343,0.999992,9486775,131072.00
761.343,0.999993,9486775,145635.56
761.343,0.999994,9486775,163840.00
761.855,0.999995,9486825,187245.71
761.855,0.999995,9486825,218453.33
761.855,0.999996,9486825,262144.00
761.855,0.999997,9486825,291271.11
761.855,0.999997,9486825,327680.00
761.855,0.999997,9486825,374491.43
761.855,0.999998,9486825,436906.67
761.855,0.999998,9486825,524288.00
761.855,0.999998,9486825,582542.22
761.855,0.999998,9486825,655360.00
761.855,0.999999,9486825,748982.86
761.855,0.999999,9486825,873813.33
761.855,0.999999,9486825,1048576.00
761.855,0.999999,9486825,1165084.44
761.855,0.999999,9486825,1310720.00
761.855,0.999999,9486825,1497965.71
761.855,0.999999,9486825,1747626.67
761.855,1.000000,9486825,2097152.00
761.855,1.000000,9486825,2330168.89
761.855,1.000000,9486825,2621440.00
761.855,1.000000,9486825,2995931.43
761.855,1.000000,9486825,3495253.33
761.855,1.000000,9486825,4194304.00
761.855,1.000000,9486825,4660337.78
762.367,1.000000,9486880,5242880.00
762.367,1.000000,9486880,inf
