Value,Percentile,TotalCount,1/(1-Percentile)
50.911,0.000000,1,1.00
77.183,0.100000,100729,1.11
83.519,0.200000,200970,1.25
88.447,0.300000,300001,1.43
93.119,0.400000,399941,1.67
98.111,0.500000,500224,2.00
100.799,0.550000,550305,2.22
103.615,0.600000,600402,2.50
106.559,0.650000,650013,2.86
109.759,0.700000,700285,3.33
113.279,0.750000,749919,4.00
115.263,0.775000,775093,4.44
117.375,0.800000,799548,5.00
119.807,0.825000,824574,5.71
122.559,0.850000,849385,6.67
125.759,0.875000,874596,8.00
127.615,0.887500,887008,8.89
129.663,0.900000,899433,10.00
132.095,0.912500,912386,11.43
134.655,0.925000,924572,13.33
137.727,0.937500,936990,16.00
139.519,0.943750,943349,17.78
141.439,0.950000,949653,20.00
143.615,0.956250,955692,22.86
146.175,0.962500,961921,26.67
149.247,0.968750,968121,32.00
151.039,0.971875,971306,35.56
152.959,0.975000,974353,40.00
155.263,0.978125,977406,45.71
157.951,0.981250,980559,53.33
161.023,0.984375,983711,64.00
162.815,0.985938,985246,71.11
164.735,0.987500,986749,80.00
167.167,0.989062,988329,91.43
169.983,0.990625,989896,106.67
173.183,0.992188,991439,128.00
175.103,0.992969,992229,142.22
177.279,0.993750,993013,160.00
179.711,0.994531,993764,182.86
182.783,0.995313,994560,213.33
186.239,0.996094,995329,256.00
188.287,0.996484,995729,284.44
190.463,0.996875,996109,320.00
193.023,0.997266,996500,365.71
195.711,0.997656,996878,426.67
199.295,0.998047,997281,512.00
201.343,0.998242,997471,568.89
203.391,0.998437,997664,640.00
205.951,0.998633,997854,731.43
208.767,0.998828,998056,853.33
211.967,0.999023,998249,1024.00
213.631,0.999121,998346,1137.78
215.295,0.999219,998447,1280.00
216.959,0.999316,998536,1462.86
219.519,0.999414,998639,1706.67
221.311,0.999512,998734,2048.00
222.591,0.999561,998781,2275.56
223.615,0.999609,998832,2560.00
224.895,0.999658,998879,2925.71
226.559,0.999707,998933,3413.33
228.095,0.999756,998978,4096.00
228.863,0.999780,999000,4551.11
229.759,0.999805,999028,5120.00
230.655,0.999829,999053,5851.43
231.551,0.999854,999076,6826.67
232.447,0.999878,999098,8192.00
232.831,0.999890,999111,9102.22
233.215,0.999902,999125,10240.00
233.471,0.999915,999134,11702.86
233.855,0.999927,999149,13653.33
234.495,0.999939,999159,16384.00
234.751,0.999945,999168,18204.44
234.879,0.999951,999171,20480.00
235.135,0.999957,999181,23405.71
235.263,0.999963,999190,27306.67
235.263,0.999969,999190,32768.00
235.391,0.999973,999192,36408.89
235.519,0.999976,999195,40960.00
235.903,0.999979,999199,46811.43
236.031,0.999982,999201,54613.33
236.287,0.999985,999208,65536.00
236.287,0.999986,999208,72817.78
236.287,0.999988,999208,81920.00
236.415,0.999989,999209,93622.86
236.543,0.999991,999211,109226.67
236.671,0.999992,999214,131072.00
236.671,0.999993,999214,145635.56
236.671,0.999994,999214,163840.00
236.671,0.999995,999214,187245.71
236.799,0.999995,999217,218453.33
236.799,0.999996,999217,262144.00
236.799,0.999997,999217,291271.11
236.799,0.999997,999217,327680.00
236.799,0.999997,999217,374491.43
236.799,0.999998,999217,436906.67
236.927,0.999998,999222,524288.00
236.927,1.000000,999222,inf
