Value,Percentile,TotalCount,1/(1-Percentile)
47.839,0.000000,1,1.00
69.247,0.100000,1003121,1.11
75.327,0.200000,1998596,1.25
79.679,0.300000,2990749,1.43
83.519,0.400000,3981935,1.67
87.615,0.500000,4975790,2.00
89.855,0.550000,5480572,2.22
92.095,0.600000,5970374,2.50
94.463,0.650000,6470109,2.86
96.959,0.700000,6967542,3.33
99.647,0.750000,7458946,4.00
101.183,0.775000,7713660,4.44
102.783,0.800000,7957503,5.00
104.575,0.825000,8205016,5.71
106.623,0.850000,8453019,6.67
109.055,0.875000,8703378,8.00
110.399,0.887500,8822666,8.89
111.999,0.900000,8947892,10.00
113.855,0.912500,9072883,11.43
116.031,0.925000,9196243,13.33
118.783,0.937500,9320547,16.00
120.447,0.943750,9381263,17.78
122.495,0.950000,9444701,20.00
124.927,0.956250,9506832,22.86
127.871,0.962500,9568636,26.67
131.455,0.968750,9629788,32.00
133.631,0.971875,9661431,35.56
136.063,0.975000,9692639,40.00
138.879,0.978125,9723252,45.71
142.463,0.981250,9754553,53.33
147.071,0.984375,9785331,64.00
150.143,0.985938,9800870,71.11
153.983,0.987500,9816307,80.00
159.487,0.989062,9831955,91.43
168.191,0.990625,9847353,106.67
193.279,0.992188,9862760,128.00
255.743,0.992969,9870520,142.22
1148.927,0.993750,9878416,160.00
1170.431,0.994531,9886478,182.86
1181.695,0.995313,9894468,213.33
1188.863,0.996094,9901735,256.00
1192.959,0.996484,9906586,284.44
1196.031,0.996875,9910613,320.00
1198.079,0.997266,9913321,365.71
1201.151,0.997656,9917451,426.67
1204.223,0.998047,9921564,512.00
1205.247,0.998242,9922945,568.89
1207.295,0.998437,9925663,640.00
1208.319,0.998633,9927000,731.43
1210.367,0.998828,9929670,853.33
1211.391,0.999023,9930985,1024.00
1212.415,0.999121,9932227,1137.78
1213.439,0.999219,9933471,1280.00
1214.463,0.999316,9934731,1462.86
1214.463,0.999414,9934731,1706.67
1215.487,0.999512,9935961,2048.00
1216.511,0.999561,9937218,2275.56
1216.511,0.999609,9937218,2560.00
1216.511,0.999658,9937218,2925.71
1217.535,0.999707,9938430,3413.33
1217.535,0.999756,9938430,4096.00
1217.535,0.999780,9938430,4551.11
1218.559,0.999805,9939675,5120.00
1218.559,0.999829,9939675,5851.43
1218.559,0.999854,9939675,6826.67
1218.559,0.999878,9939675,8192.00
1218.559,0.999890,9939675,9102.22
1218.559,0.999902,9939675,10240.00
1218.559,0.999915,9939675,11702.86
1219.583,0.999927,9940805,13653.33
1219.583,1.000000,9940805,inf
