Value,Percentile,TotalCount,1/(1-Percentile)
39.519,0.000000,1,1.00
1512.447,0.100000,9499,1.11
2975.743,0.200000,18997,1.25
4468.735,0.300000,28477,1.43
5959.679,0.400000,37970,1.67
7483.391,0.500000,47470,2.00
8257.535,0.550000,52206,2.22
9035.775,0.600000,56975,2.50
9822.207,0.650000,61718,2.86
10608.639,0.700000,66478,3.33
11411.455,0.750000,71229,4.00
11812.863,0.775000,73566,4.44
12214.271,0.800000,75955,5.00
12623.871,0.825000,78354,5.71
13066.239,0.850000,80723,6.67
13557.759,0.875000,83057,8.00
13860.863,0.887500,84275,8.89
14188.543,0.900000,85438,10.00
14688.255,0.912500,86625,11.43
15441.919,0.925000,87801,13.33
16531.455,0.937500,88986,16.00
17137.663,0.943750,89587,17.78
17743.871,0.950000,90180,20.00
18333.695,0.956250,90774,22.86
18907.135,0.962500,91367,26.67
19529.727,0.968750,91952,32.00
19857.407,0.971875,92260,35.56
20152.319,0.975000,92552,40.00
20447.231,0.978125,92846,45.71
20791.295,0.981250,93150,53.33
21118.975,0.984375,93443,64.00
21282.815,0.985938,93585,71.11
21479.423,0.987500,93739,80.00
21659.647,0.989062,93883,91.43
21839.871,0.990625,94029,106.67
22069.247,0.992188,94181,128.00
22183.935,0.992969,94253,142.22
22315.007,0.993750,94333,160.00
22413.311,0.994531,94400,182.86
22560.767,0.995313,94482,213.33
22724.607,0.996094,94550,256.00
22806.527,0.996484,94589,284.44
22888.447,0.996875,94625,320.00
23003.135,0.997266,94659,365.71
23183.359,0.997656,94698,426.67
23314.431,0.998047,94736,512.00
23396.351,0.998242,94754,568.89
23478.271,0.998437,94770,640.00
23576.575,0.998633,94790,731.43
23674.879,0.998828,94807,853.33
23822.335,0.999023,94830,1024.00
23871.487,0.999121,94835,1137.78
23969.791,0.999219,94845,1280.00
24117.247,0.999316,94854,1462.86
24363.007,0.999414,94864,1706.67
24657.919,0.999512,94872,2048.00
24870.911,0.999561,94877,2275.56
25018.367,0.999609,94882,2560.00
25149.439,0.999658,94886,2925.71
25477.119,0.999707,94891,3413.33
25788.415,0.999756,94895,4096.00
25935.871,0.999780,94899,4551.11
25952.255,0.999805,94900,5120.00
26034.175,0.999829,94902,5851.43
26296.319,0.999854,94905,6826.67
26443.775,0.999878,94907,8192.00
26591.231,0.999890,94908,9102.22
26673.151,0.999902,94909,10240.00
26935.295,0.999915,94910,11702.86
27164.671,0.999927,94912,13653.33
27181.055,0.999939,94913,16384.00
27181.055,0.999945,94913,18204.44
27344.895,0.999951,94915,20480.00
27344.895,0.999957,94915,23405.71
27344.895,0.999963,94915,27306.67
27541.503,0.999969,94916,32768.00
27541.503,0.999973,94916,36408.89
27541.503,0.999976,94916,40960.00
27541.503,0.999979,94916,46811.43
27574.271,0.999982,94917,54613.33
27574.271,0.999985,94917,65536.00
27574.271,0.999986,94917,72817.78
27574.271,0.999988,94917,81920.00
27574.271,0.999989,94917,93622.86
27852.799,0.999991,94918,109226.67
27852.799,1.000000,94918,inf
