Value,Percentile,TotalCount,1/(1-Percentile)
125.631,0.000000,1,1.00
218.879,0.100000,511,1.11
235.519,0.200000,1017,1.25
246.911,0.300000,1522,1.43
257.023,0.400000,2037,1.67
265.983,0.500000,2542,2.00
271.103,0.550000,2791,2.22
277.247,0.600000,3046,2.50
284.671,0.650000,3298,2.86
294.655,0.700000,3553,3.33
305.663,0.750000,3806,4.00
311.807,0.775000,3931,4.44
317.439,0.800000,4057,5.00
324.607,0.825000,4185,5.71
331.007,0.850000,4311,6.67
338.943,0.875000,4439,8.00
342.527,0.887500,4503,8.89
346.623,0.900000,4564,10.00
351.999,0.912500,4630,11.43
357.887,0.925000,4692,13.33
366.335,0.937500,4755,16.00
370.943,0.943750,4786,17.78
376.575,0.950000,4818,20.00
383.487,0.956250,4850,22.86
391.167,0.962500,4881,26.67
400.127,0.968750,4913,32.00
406.015,0.971875,4929,35.56
414.719,0.975000,4945,40.00
422.399,0.978125,4962,45.71
436.223,0.981250,4976,53.33
453.375,0.984375,4992,64.00
464.383,0.985938,5000,71.11
468.991,0.987500,5008,80.00
481.279,0.989062,5016,91.43
491.519,0.990625,5024,106.67
510.463,0.992188,5032,128.00
523.263,0.992969,5036,142.22
555.007,0.993750,5040,160.00
583.167,0.994531,5044,182.86
596.479,0.995313,5048,213.33
604.671,0.996094,5052,256.00
622.079,0.996484,5054,284.44
635.903,0.996875,5056,320.00
644.607,0.997266,5058,365.71
670.207,0.997656,5060,426.67
684.031,0.998047,5062,512.00
684.543,0.998242,5063,568.89
692.735,0.998437,5064,640.00
775.167,0.998633,5065,731.43
999.935,0.998828,5066,853.33
1079.295,0.999023,5067,1024.00
1079.295,0.999121,5067,1137.78
1291.263,0.999219,5068,1280.00
1291.263,0.999316,5068,1462.86
1331.199,0.999414,5069,1706.67
1331.199,0.999512,5069,2048.00
1331.199,0.999561,5069,2275.56
1527.807,0.999609,5070,2560.00
1527.807,0.999658,5070,2925.71
1527.807,0.999707,5070,3413.33
1527.807,0.999756,5070,4096.00
1527.807,0.999780,5070,4551.11
3940.351,0.999805,5071,5120.00
3940.351,1.000000,5071,inf
