Value,Percentile,TotalCount,1/(1-Percentile)
40.159,0.000000,1,1.00
73.215,0.100000,1002328,1.11
81.087,0.200000,2000131,1.25
87.423,0.300000,3003130,1.43
93.695,0.400000,4000568,1.67
100.351,0.500000,4992366,2.00
104.063,0.550000,5498089,2.22
108.159,0.600000,5995437,2.50
112.959,0.650000,6490138,2.86
119.039,0.700000,6991947,3.33
127.039,0.750000,7488108,4.00
132.223,0.775000,7738195,4.44
138.751,0.800000,7990959,5.00
147.071,0.825000,8237699,5.71
159.231,0.850000,8486502,6.67
182.911,0.875000,8736619,8.00
215.039,0.887500,8860898,8.89
591.871,0.900000,8985643,10.00
942.079,0.912500,9110469,11.43
1111.039,0.925000,9236260,13.33
1188.863,0.937500,9361991,16.00
1212.415,0.943750,9424526,17.78
1250.303,0.950000,9485260,20.00
1595.391,0.956250,9547237,22.86
1911.807,0.962500,9609662,26.67
2127.871,0.968750,9672841,32.00
2158.591,0.971875,9704775,35.56
2211.839,0.975000,9735167,40.00
2289.663,0.978125,9766048,45.71
2740.223,0.981250,9796884,53.33
3141.631,0.984375,9828148,64.00
3203.071,0.985938,9844077,71.11
3297.279,0.987500,9859600,80.00
3403.775,0.989062,9874917,91.43
3895.295,0.990625,9890424,106.67
4255.743,0.992188,9906025,128.00
4362.239,0.992969,9914300,142.22
4411.391,0.993750,9921935,160.00
4603.903,0.994531,9929426,182.86
5140.479,0.995313,9937264,213.33
5423.103,0.996094,9945213,256.00
5464.063,0.996484,9948938,284.44
5570.559,0.996875,9952985,320.00
5804.031,0.997266,9956724,365.71
6189.055,0.997656,9960653,426.67
6397.951,0.998047,9964570,512.00
6488.063,0.998242,9966532,568.89
6545.407,0.998437,9968427,640.00
6610.943,0.998633,9970554,731.43
6647.807,0.998828,9972476,853.33
6705.151,0.999023,9974278,1024.00
6922.239,0.999121,9975234,1137.78
7151.615,0.999219,9976234,1280.00
7335.935,0.999316,9977199,1462.86
7426.047,0.999414,9978162,1706.67
7536.639,0.999512,9979153,2048.00
7598.079,0.999561,9979647,2275.56
7651.327,0.999609,9980137,2560.00
7679.999,0.999658,9980706,2925.71
7696.383,0.999707,9981221,3413.33
7708.671,0.999756,9981659,4096.00
7716.863,0.999780,9981923,4551.11
7720.959,0.999805,9982065,5120.00
7729.151,0.999829,9982339,5851.43
7737.343,0.999854,9982570,6826.67
7749.631,0.999878,9982843,8192.00
7757.823,0.999890,9982961,9102.22
7766.015,0.999902,9983054,10240.00
7778.303,0.999915,9983171,11702.86
7802.879,0.999927,9983282,13653.33
7847.935,0.999939,9983401,16384.00
7880.703,0.999945,9983461,18204.44
7909.375,0.999951,9983526,20480.00
7950.335,0.999957,9983587,23405.71
7999.487,0.999963,9983647,27306.67
8036.351,0.999969,9983705,32768.00
8065.023,0.999973,9983735,36408.89
8089.599,0.999976,9983769,40960.00
8101.887,0.999979,9983807,46811.43
8114.175,0.999982,9983830,54613.33
8126.463,0.999985,9983864,65536.00
8130.559,0.999986,9983874,72817.78
8138.751,0.999988,9983897,81920.00
8142.847,0.999989,9983911,93622.86
8146.943,0.999991,9983926,109226.67
8151.039,0.999992,9983947,131072.00
8151.039,0.999993,9983947,145635.56
8155.135,0.999994,9983958,163840.00
8155.135,0.999995,9983958,187245.71
8159.231,0.999995,9983977,218453.33
8159.231,0.999996,9983977,262144.00
8159.231,0.999997,9983977,291271.11
8163.327,0.999997,9983991,327680.00
8163.327,0.999997,9983991,374491.43
8163.327,0.999998,9983991,436906.67
8163.327,0.999998,9983991,524288.00
8167.423,0.999998,9984002,582542.22
8167.423,0.999998,9984002,655360.00
8167.423,0.999999,9984002,748982.86
8167.423,0.999999,9984002,873813.33
8167.423,0.999999,9984002,1048576.00
8167.423,0.999999,9984002,1165084.44
8167.423,0.999999,9984002,1310720.00
8171.519,0.999999,9984028,1497965.71
8171.519,1.000000,9984028,inf
