Value,Percentile,TotalCount,1/(1-Percentile)
49.439,0.000000,1,1.00
100.479,0.100000,499835,1.11
114.687,0.200000,1000341,1.25
126.911,0.300000,1499484,1.43
138.111,0.400000,1999535,1.67
149.247,0.500000,2500624,2.00
155.135,0.550000,2752080,2.22
161.407,0.600000,2999931,2.50
168.447,0.650000,3249825,2.86
176.767,0.700000,3498554,3.33
187.647,0.750000,3748754,4.00
194.687,0.775000,3871924,4.44
204.031,0.800000,3997477,5.00
216.831,0.825000,4122554,5.71
235.391,0.850000,4246520,6.67
263.167,0.875000,4371605,8.00
281.855,0.887500,4433926,8.89
305.663,0.900000,4496272,10.00
338.431,0.912500,4558798,11.43
392.959,0.925000,4621176,13.33
549.375,0.937500,4683671,16.00
709.631,0.943750,4714818,17.78
879.103,0.950000,4746121,20.00
1036.287,0.956250,4777293,22.86
1156.095,0.962500,4808573,26.67
1215.487,0.968750,4839820,32.00
1241.087,0.971875,4855441,35.56
1269.759,0.975000,4871155,40.00
1316.863,0.978125,4886573,45.71
1495.039,0.981250,4902183,53.33
1810.431,0.984375,4917815,64.00
1936.383,0.985938,4925578,71.11
2082.815,0.987500,4933399,80.00
2174.975,0.989062,4941247,91.43
2248.703,0.990625,4949219,106.67
2297.855,0.992188,4956828,128.00
2328.575,0.992969,4960761,142.22
2363.391,0.993750,4964653,160.00
2424.831,0.994531,4968585,182.86
2654.207,0.995313,4972432,213.33
2957.311,0.996094,4976343,256.00
3086.335,0.996484,4978267,284.44
3207.167,0.996875,4980221,320.00
3291.135,0.997266,4982182,365.71
3356.671,0.997656,4984171,426.67
3434.495,0.998047,4986113,512.00
3504.127,0.998242,4987063,568.89
3674.111,0.998437,4988032,640.00
3870.719,0.998633,4989006,731.43
4036.607,0.998828,4989985,853.33
4186.111,0.999023,4990967,1024.00
4255.743,0.999121,4991453,1137.78
4317.183,0.999219,4991968,1280.00
4362.239,0.999316,4992434,1462.86
4407.295,0.999414,4992957,1706.67
4440.063,0.999512,4993426,2048.00
4460.543,0.999561,4993662,2275.56
4481.023,0.999609,4993919,2560.00
4501.503,0.999658,4994162,2925.71
4526.079,0.999707,4994382,3413.33
4558.847,0.999756,4994617,4096.00
4583.423,0.999780,4994742,4551.11
4616.191,0.999805,4994854,5120.00
4657.151,0.999829,4994981,5851.43
4714.495,0.999854,4995105,6826.67
4771.839,0.999878,4995227,8192.00
4800.511,0.999890,4995289,9102.22
4829.183,0.999902,4995350,10240.00
4866.047,0.999915,4995407,11702.86
4898.815,0.999927,4995468,13653.33
4931.583,0.999939,4995532,16384.00
4947.967,0.999945,4995563,18204.44
4964.351,0.999951,4995596,20480.00
4980.735,0.999957,4995625,23405.71
4993.023,0.999963,4995655,27306.67
5005.311,0.999969,4995678,32768.00
5013.503,0.999973,4995698,36408.89
5017.599,0.999976,4995710,40960.00
5025.791,0.999979,4995731,46811.43
5029.887,0.999982,4995742,54613.33
5033.983,0.999985,4995755,65536.00
5038.079,0.999986,4995763,72817.78
5042.175,0.999988,4995775,81920.00
5046.271,0.999989,4995785,93622.86
5046.271,0.999991,4995785,109226.67
5050.367,0.999992,4995792,131072.00
5054.463,0.999993,4995805,145635.56
5054.463,0.999994,4995805,163840.00
5054.463,0.999995,4995805,187245.71
5058.559,0.999995,4995812,218453.33
5058.559,0.999996,4995812,262144.00
5058.559,0.999997,4995812,291271.11
5062.655,0.999997,4995817,327680.00
5062.655,0.999997,4995817,374491.43
5066.751,0.999998,4995823,436906.67
5066.751,0.999998,4995823,524288.00
5066.751,0.999998,4995823,582542.22
5066.751,0.999998,4995823,655360.00
5066.751,0.999999,4995823,748982.86
5070.847,0.999999,4995827,873813.33
5070.847,0.999999,4995827,1048576.00
5070.847,0.999999,4995827,1165084.44
5070.847,0.999999,4995827,1310720.00
5070.847,0.999999,4995827,1497965.71
5070.847,0.999999,4995827,1747626.67
5070.847,1.000000,4995827,2097152.00
5070.847,1.000000,4995827,2330168.89
5074.943,1.000000,4995835,2621440.00
5074.943,1.000000,4995835,inf
