Value,Percentile,TotalCount,1/(1-Percentile)
23.999,0.000000,1,1.00
166.655,0.100000,501022,1.11
192.383,0.200000,1000633,1.25
212.351,0.300000,1501190,1.43
231.295,0.400000,1999070,1.67
250.879,0.500000,2500400,2.00
261.119,0.550000,2749348,2.22
272.127,0.600000,3002572,2.50
283.647,0.650000,3247195,2.86
296.703,0.700000,3499271,3.33
311.551,0.750000,3750143,4.00
319.743,0.775000,3872672,4.44
328.959,0.800000,3998637,5.00
339.199,0.825000,4123549,5.71
350.719,0.850000,4245853,6.67
364.799,0.875000,4371356,8.00
372.991,0.887500,4433698,8.89
382.207,0.900000,4495981,10.00
392.959,0.912500,4558988,11.43
405.503,0.925000,4621531,13.33
420.607,0.937500,4683383,16.00
429.567,0.943750,4714355,17.78
440.063,0.950000,4745942,20.00
451.839,0.956250,4776551,22.86
466.175,0.962500,4807933,26.67
484.095,0.968750,4839174,32.00
494.591,0.971875,4854580,35.56
507.135,0.975000,4870275,40.00
522.239,0.978125,4885819,45.71
541.183,0.981250,4901451,53.33
566.271,0.984375,4917015,64.00
582.655,0.985938,4924822,71.11
603.647,0.987500,4932695,80.00
630.783,0.989062,4940498,91.43
668.671,0.990625,4948240,106.67
728.575,0.992188,4956035,128.00
771.583,0.992969,4959939,142.22
832.511,0.993750,4963839,160.00
919.039,0.994531,4967752,182.86
1039.871,0.995313,4971643,213.33
1173.503,0.996094,4975551,256.00
1238.015,0.996484,4977502,284.44
1311.743,0.996875,4979475,320.00
1379.327,0.997266,4981414,365.71
1440.767,0.997656,4983373,426.67
1523.711,0.998047,4985320,512.00
1594.367,0.998242,4986284,568.89
1705.983,0.998437,4987254,640.00
1870.847,0.998633,4988228,731.43
2039.807,0.998828,4989206,853.33
2185.215,0.999023,4990191,1024.00
2248.703,0.999121,4990680,1137.78
2310.143,0.999219,4991166,1280.00
2371.583,0.999316,4991654,1462.86
2424.831,0.999414,4992150,1706.67
2467.839,0.999512,4992629,2048.00
2488.319,0.999561,4992867,2275.56
2508.799,0.999609,4993115,2560.00
2529.279,0.999658,4993372,2925.71
2547.711,0.999707,4993621,3413.33
2568.191,0.999756,4993862,4096.00
2576.383,0.999780,4993963,4551.11
2588.671,0.999805,4994100,5120.00
2596.863,0.999829,4994206,5851.43
2609.151,0.999854,4994339,6826.67
2619.391,0.999878,4994451,8192.00
2625.535,0.999890,4994517,9102.22
2631.679,0.999902,4994586,10240.00
2635.775,0.999915,4994632,11702.86
2641.919,0.999927,4994702,13653.33
2646.015,0.999939,4994755,16384.00
2650.111,0.999945,4994798,18204.44
2652.159,0.999951,4994820,20480.00
2656.255,0.999957,4994867,23405.71
2658.303,0.999963,4994892,27306.67
2660.351,0.999969,4994912,32768.00
2662.399,0.999973,4994937,36408.89
2662.399,0.999976,4994937,40960.00
2664.447,0.999979,4994960,46811.43
2666.495,0.999982,4994981,54613.33
2666.495,0.999985,4994981,65536.00
2668.543,0.999986,4995000,72817.78
2668.543,0.999988,4995000,81920.00
2670.591,0.999989,4995020,93622.86
2670.591,0.999991,4995020,109226.67
2670.591,0.999992,4995020,131072.00
2672.639,0.999993,4995035,145635.56
2672.639,0.999994,4995035,163840.00
2672.639,0.999995,4995035,187245.71
2672.639,0.999995,4995035,218453.33
2674.687,0.999996,4995056,262144.00
2674.687,0.999997,4995056,291271.11
2674.687,0.999997,4995056,327680.00
2674.687,0.999997,4995056,374491.43
2674.687,0.999998,4995056,436906.67
2674.687,0.999998,4995056,524288.00
2674.687,0.999998,4995056,582542.22
2674.687,0.999998,4995056,655360.00
2674.687,0.999999,4995056,748982.86
2674.687,0.999999,4995056,873813.33
2674.687,0.999999,4995056,1048576.00
2674.687,0.999999,4995056,1165084.44
2674.687,0.999999,4995056,1310720.00
2674.687,0.999999,4995056,1497965.71
2674.687,0.999999,4995056,1747626.67
2674.687,1.000000,4995056,2097152.00
2674.687,1.000000,4995056,2330168.89
2674.687,1.000000,4995056,2621440.00
2674.687,1.000000,4995056,2995931.43
2674.687,1.000000,4995056,3495253.33
2674.687,1.000000,4995056,4194304.00
2674.687,1.000000,4995056,4660337.78
2676.735,1.000000,4995072,5242880.00
2676.735,1.000000,4995072,inf
