Value,Percentile,TotalCount,1/(1-Percentile)
40.991,0.000000,1,1.00
75.199,0.100000,1003801,1.11
83.007,0.200000,2004785,1.25
89.343,0.300000,3005393,1.43
95.615,0.400000,3999852,1.67
102.271,0.500000,4996056,2.00
105.983,0.550000,5492712,2.22
110.271,0.600000,5997488,2.50
115.327,0.650000,6493915,2.86
121.663,0.700000,6989370,3.33
130.239,0.750000,7490947,4.00
135.807,0.775000,7740396,4.44
142.719,0.800000,7987964,5.00
152.063,0.825000,8239858,5.71
166.015,0.850000,8487582,6.67
198.399,0.875000,8736611,8.00
284.159,0.887500,8861440,8.89
842.751,0.900000,8986168,10.00
1063.935,0.912500,9111763,11.43
1171.455,0.925000,9236539,13.33
1218.559,0.937500,9362232,16.00
1263.615,0.943750,9423213,17.78
1698.815,0.950000,9485474,20.00
1953.791,0.956250,9547876,22.86
2136.063,0.962500,9611603,26.67
2222.079,0.968750,9673658,32.00
2271.231,0.971875,9704679,35.56
2355.199,0.975000,9735288,40.00
2856.959,0.978125,9766225,45.71
3147.775,0.981250,9797429,53.33
3307.519,0.984375,9828839,64.00
3377.151,0.985938,9844346,71.11
3467.263,0.987500,9859832,80.00
3903.487,0.989062,9875486,91.43
4147.199,0.990625,9891099,106.67
4333.567,0.992188,9906706,128.00
4378.623,0.992969,9914791,142.22
4427.775,0.993750,9922506,160.00
4485.119,0.994531,9930057,182.86
4669.439,0.995313,9937842,213.33
5156.863,0.996094,9945643,256.00
5283.839,0.996484,9949620,284.44
5394.431,0.996875,9953429,320.00
5476.351,0.997266,9957348,365.71
5541.887,0.997656,9961251,426.67
5603.327,0.998047,9965180,512.00
5742.591,0.998242,9967082,568.89
6008.831,0.998437,9969050,640.00
6189.055,0.998633,9970994,731.43
6283.263,0.998828,9972926,853.33
6361.087,0.999023,9974936,1024.00
6418.431,0.999121,9975867,1137.78
6488.063,0.999219,9976830,1280.00
6520.831,0.999316,9977896,1462.86
6557.695,0.999414,9978792,1706.67
6582.271,0.999512,9979776,2048.00
6590.463,0.999561,9980261,2275.56
6598.655,0.999609,9980851,2560.00
6606.847,0.999658,9981444,2925.71
6610.943,0.999707,9981769,3413.33
6619.135,0.999756,9982403,4096.00
6623.231,0.999780,9982695,4551.11
6623.231,0.999805,9982695,5120.00
6627.327,0.999829,9982994,5851.43
6631.423,0.999854,9983284,6826.67
6635.519,0.999878,9983545,8192.00
6635.519,0.999890,9983545,9102.22
6639.615,0.999902,9983791,10240.00
6639.615,0.999915,9983791,11702.86
6643.711,0.999927,9984024,13653.33
6643.711,0.999939,9984024,16384.00
6647.807,0.999945,9984260,18204.44
6647.807,0.999951,9984260,20480.00
6647.807,0.999957,9984260,23405.71
6647.807,0.999963,9984260,27306.67
6651.903,0.999969,9984476,32768.00
6651.903,0.999973,9984476,36408.89
6651.903,0.999976,9984476,40960.00
6651.903,0.999979,9984476,46811.43
6651.903,0.999982,9984476,54613.33
6651.903,0.999985,9984476,65536.00
6655.999,0.999986,9984628,72817.78
6655.999,1.000000,9984628,inf
