Value,Percentile,TotalCount,1/(1-Percentile)
21.679,0.000000,1,1.00
95.679,0.100000,997521,1.11
104.895,0.200000,1997851,1.25
110.655,0.300000,2992476,1.43
115.583,0.400000,3994589,1.67
120.639,0.500000,4988602,2.00
123.455,0.550000,5482884,2.22
126.655,0.600000,5980886,2.50
130.431,0.650000,6483525,2.86
135.039,0.700000,6987712,3.33
140.927,0.750000,7483705,4.00
144.639,0.775000,7729965,4.44
149.247,0.800000,7978825,5.00
155.007,0.825000,8224850,5.71
162.687,0.850000,8475022,6.67
172.543,0.875000,8722944,8.00
178.431,0.887500,8847896,8.89
184.831,0.900000,8972316,10.00
191.487,0.912500,9096021,11.43
198.399,0.925000,9221454,13.33
205.695,0.937500,9345695,16.00
209.663,0.943750,9409192,17.78
213.759,0.950000,9471084,20.00
218.111,0.956250,9532364,22.86
222.975,0.962500,9594947,26.67
228.479,0.968750,9656776,32.00
231.679,0.971875,9688297,35.56
235.263,0.975000,9719605,40.00
239.359,0.978125,9750100,45.71
244.607,0.981250,9781766,53.33
251.391,0.984375,9812410,64.00
255.999,0.985938,9828085,71.11
261.631,0.987500,9843462,80.00
268.799,0.989062,9859289,91.43
276.479,0.990625,9874602,106.67
284.671,0.992188,9890465,128.00
288.767,0.992969,9898362,142.22
292.863,0.993750,9906031,160.00
296.959,0.994531,9913871,182.86
301.055,0.995313,9921325,213.33
305.663,0.996094,9929189,256.00
308.223,0.996484,9933346,284.44
310.527,0.996875,9936910,320.00
313.343,0.997266,9940967,365.71
316.159,0.997656,9944733,426.67
319.231,0.998047,9948639,512.00
321.023,0.998242,9950738,568.89
322.559,0.998437,9952499,640.00
324.351,0.998633,9954484,731.43
326.143,0.998828,9956472,853.33
327.935,0.999023,9958340,1024.00
328.959,0.999121,9959353,1137.78
329.983,0.999219,9960340,1280.00
331.007,0.999316,9961234,1462.86
332.287,0.999414,9962405,1706.67
333.311,0.999512,9963285,2048.00
333.823,0.999561,9963745,2275.56
334.335,0.999609,9964181,2560.00
335.103,0.999658,9964832,2925.71
335.615,0.999707,9965265,3413.33
336.127,0.999756,9965670,4096.00
336.383,0.999780,9965881,4551.11
336.895,0.999805,9966252,5120.00
337.151,0.999829,9966440,5851.43
337.407,0.999854,9966612,6826.67
337.919,0.999878,9967007,8192.00
337.919,0.999890,9967007,9102.22
338.175,0.999902,9967178,10240.00
338.175,0.999915,9967178,11702.86
338.431,0.999927,9967365,13653.33
338.687,0.999939,9967548,16384.00
338.687,0.999945,9967548,18204.44
338.687,0.999951,9967548,20480.00
338.943,0.999957,9967743,23405.71
338.943,0.999963,9967743,27306.67
338.943,0.999969,9967743,32768.00
339.199,0.999973,9967932,36408.89
339.199,0.999976,9967932,40960.00
339.199,0.999979,9967932,46811.43
339.199,0.999982,9967932,54613.33
339.199,0.999985,9967932,65536.00
339.199,0.999986,9967932,72817.78
339.199,0.999988,9967932,81920.00
339.199,0.999989,9967932,93622.86
339.455,0.999991,9968103,109226.67
339.455,1.000000,9968103,inf
