Value,Percentile,TotalCount,1/(1-Percentile)
44.799,0.000000,1,1.00
64.319,0.100000,998217,1.11
68.095,0.200000,1987583,1.25
71.807,0.300000,2995971,1.43
75.519,0.400000,3989465,1.67
79.295,0.500000,4975939,2.00
81.343,0.550000,5471327,2.22
83.647,0.600000,5968639,2.50
86.335,0.650000,6465375,2.86
89.471,0.700000,6956243,3.33
93.183,0.750000,7456560,4.00
95.167,0.775000,7702154,4.44
97.279,0.800000,7950796,5.00
99.519,0.825000,8198782,5.71
101.887,0.850000,8444184,6.67
104.511,0.875000,8693806,8.00
105.919,0.887500,8817447,8.89
107.391,0.900000,8938588,10.00
109.055,0.912500,9065459,11.43
110.847,0.925000,9188030,13.33
112.959,0.937500,9313741,16.00
114.111,0.943750,9373678,17.78
115.455,0.950000,9436178,20.00
116.991,0.956250,9498692,22.86
118.719,0.962500,9559540,26.67
120.831,0.968750,9621745,32.00
122.047,0.971875,9652737,35.56
123.455,0.975000,9684580,40.00
124.991,0.978125,9714991,45.71
126.783,0.981250,9745926,53.33
128.895,0.984375,9777338,64.00
130.047,0.985938,9792182,71.11
131.455,0.987500,9808029,80.00
132.991,0.989062,9823220,91.43
134.911,0.990625,9839173,106.67
137.215,0.992188,9854803,128.00
138.495,0.992969,9862090,142.22
140.031,0.993750,9869726,160.00
141.823,0.994531,9877414,182.86
143.999,0.995313,9885307,213.33
146.559,0.996094,9893157,256.00
147.967,0.996484,9896869,284.44
149.631,0.996875,9900827,320.00
151.423,0.997266,9904692,365.71
153.471,0.997656,9908641,426.67
155.647,0.998047,9912514,512.00
156.799,0.998242,9914275,568.89
158.079,0.998437,9916254,640.00
159.487,0.998633,9918312,731.43
160.895,0.998828,9920251,853.33
162.303,0.999023,9922090,1024.00
163.071,0.999121,9923022,1137.78
163.967,0.999219,9924062,1280.00
164.863,0.999316,9925076,1462.86
165.631,0.999414,9925922,1706.67
166.655,0.999512,9926901,2048.00
167.167,0.999561,9927414,2275.56
167.679,0.999609,9927912,2560.00
168.191,0.999658,9928361,2925.71
168.831,0.999707,9928896,3413.33
169.343,0.999756,9929372,4096.00
169.599,0.999780,9929595,4551.11
169.855,0.999805,9929799,5120.00
170.239,0.999829,9930090,5851.43
170.623,0.999854,9930353,6826.67
170.879,0.999878,9930526,8192.00
171.135,0.999890,9930715,9102.22
171.263,0.999902,9930816,10240.00
171.391,0.999915,9930912,11702.86
171.519,0.999927,9931012,13653.33
171.775,0.999939,9931184,16384.00
171.775,0.999945,9931184,18204.44
171.903,0.999951,9931258,20480.00
172.031,0.999957,9931345,23405.71
172.159,0.999963,9931439,27306.67
172.159,0.999969,9931439,32768.00
172.287,0.999973,9931521,36408.89
172.287,0.999976,9931521,40960.00
172.287,0.999979,9931521,46811.43
172.415,0.999982,9931624,54613.33
172.415,0.999985,9931624,65536.00
172.415,0.999986,9931624,72817.78
172.415,0.999988,9931624,81920.00
172.415,0.999989,9931624,93622.86
172.543,0.999991,9931706,109226.67
172.543,0.999992,9931706,131072.00
172.543,0.999993,9931706,145635.56
172.543,0.999994,9931706,163840.00
172.543,0.999995,9931706,187245.71
172.543,0.999995,9931706,218453.33
172.543,0.999996,9931706,262144.00
172.543,0.999997,9931706,291271.11
172.543,0.999997,9931706,327680.00
172.543,0.999997,9931706,374491.43
172.543,0.999998,9931706,436906.67
172.543,0.999998,9931706,524288.00
172.671,0.999998,9931789,582542.22
172.671,1.000000,9931789,inf
