Value,Percentile,TotalCount,1/(1-Percentile)
100.927,0.000000,1,1.00
154.623,0.100000,50152,1.11
165.759,0.200000,100171,1.25
177.535,0.300000,150422,1.43
191.359,0.400000,200616,1.67
207.103,0.500000,250548,2.00
215.679,0.550000,275605,2.22
224.639,0.600000,300509,2.50
233.727,0.650000,325564,2.86
242.943,0.700000,350544,3.33
252.543,0.750000,375758,4.00
257.535,0.775000,388050,4.44
262.911,0.800000,400743,5.00
268.543,0.825000,413099,5.71
274.943,0.850000,425706,6.67
282.367,0.875000,438338,8.00
286.719,0.887500,444527,8.89
291.839,0.900000,450697,10.00
298.239,0.912500,457066,11.43
306.687,0.925000,463226,13.33
319.231,0.937500,469453,16.00
327.935,0.943750,472558,17.78
338.943,0.950000,475638,20.00
354.559,0.956250,478771,22.86
377.855,0.962500,481900,26.67
420.095,0.968750,485029,32.00
440.063,0.971875,486588,35.56
453.631,0.975000,488151,40.00
464.383,0.978125,489727,45.71
474.367,0.981250,491307,53.33
484.095,0.984375,492850,64.00
489.215,0.985938,493638,71.11
494.591,0.987500,494415,80.00
500.735,0.989062,495216,91.43
507.903,0.990625,495976,106.67
516.351,0.992188,496756,128.00
521.727,0.992969,497152,142.22
529.407,0.993750,497556,160.00
537.599,0.994531,497937,182.86
548.863,0.995313,498325,213.33
564.223,0.996094,498716,256.00
572.927,0.996484,498913,284.44
585.215,0.996875,499103,320.00
602.623,0.997266,499299,365.71
621.567,0.997656,499500,426.67
646.143,0.998047,499694,512.00
659.967,0.998242,499789,568.89
677.375,0.998437,499888,640.00
695.295,0.998633,499985,731.43
715.775,0.998828,500082,853.33
741.887,0.999023,500183,1024.00
753.663,0.999121,500227,1137.78
768.511,0.999219,500278,1280.00
781.311,0.999316,500325,1462.86
797.695,0.999414,500374,1706.67
819.199,0.999512,500423,2048.00
830.463,0.999561,500448,2275.56
845.823,0.999609,500473,2560.00
861.183,0.999658,500496,2925.71
877.567,0.999707,500521,3413.33
923.135,0.999756,500545,4096.00
945.663,0.999780,500558,4551.11
973.823,0.999805,500570,5120.00
1006.079,0.999829,500582,5851.43
1044.991,0.999854,500594,6826.67
1164.287,0.999878,500606,8192.00
1182.719,0.999890,500612,9102.22
1216.511,0.999902,500619,10240.00
1262.591,0.999915,500625,11702.86
1334.271,0.999927,500631,13653.33
1509.375,0.999939,500637,16384.00
1562.623,0.999945,500641,18204.44
1597.439,0.999951,500643,20480.00
1676.287,0.999957,500646,23405.71
1741.823,0.999963,500649,27306.67
1863.679,0.999969,500652,32768.00
2012.159,0.999973,500654,36408.89
2351.103,0.999976,500655,40960.00
2428.927,0.999979,500657,46811.43
2525.183,0.999982,500658,54613.33
2744.319,0.999985,500660,65536.00
3405.823,0.999986,500661,72817.78
3405.823,0.999988,500661,81920.00
3559.423,0.999989,500662,93622.86
3661.823,0.999991,500663,109226.67
3919.871,0.999992,500664,131072.00
3919.871,0.999993,500664,145635.56
3919.871,0.999994,500664,163840.00
3923.967,0.999995,500665,187245.71
3923.967,0.999995,500665,218453.33
3960.831,0.999996,500666,262144.00
3960.831,0.999997,500666,291271.11
3960.831,0.999997,500666,327680.00
3960.831,0.999997,500666,374491.43
3960.831,0.999998,500666,436906.67
3973.119,0.999998,500667,524288.00
3973.119,1.000000,500667,inf
