Value,Percentile,TotalCount,1/(1-Percentile)
60.351,0.000000,1,1.00
87.999,0.100000,50315,1.11
93.503,0.200000,100329,1.25
97.663,0.300000,150356,1.43
101.439,0.400000,200459,1.67
105.215,0.500000,250752,2.00
107.135,0.550000,275600,2.22
109.119,0.600000,299998,2.50
111.295,0.650000,325403,2.86
113.663,0.700000,350421,3.33
116.287,0.750000,374914,4.00
117.759,0.775000,387392,4.44
119.423,0.800000,399907,5.00
121.407,0.825000,412722,5.71
123.647,0.850000,425106,6.67
126.335,0.875000,437442,8.00
128.063,0.887500,443730,8.89
129.983,0.900000,449950,10.00
132.351,0.912500,456454,11.43
135.039,0.925000,462387,13.33
138.495,0.937500,468631,16.00
140.415,0.943750,471739,17.78
142.719,0.950000,474997,20.00
145.151,0.956250,478025,22.86
147.967,0.962500,481172,26.67
151.039,0.968750,484229,32.00
152.959,0.971875,485881,35.56
154.879,0.975000,487371,40.00
157.055,0.978125,488950,45.71
159.743,0.981250,490492,53.33
162.815,0.984375,492050,64.00
164.735,0.985938,492841,71.11
167.039,0.987500,493634,80.00
169.727,0.989062,494389,91.43
173.183,0.990625,495182,106.67
177.535,0.992188,495947,128.00
180.479,0.992969,496349,142.22
184.063,0.993750,496738,160.00
188.159,0.994531,497114,182.86
193.279,0.995313,497503,213.33
199.935,0.996094,497895,256.00
204.287,0.996484,498095,284.44
209.151,0.996875,498285,320.00
217.727,0.997266,498481,365.71
226.815,0.997656,498675,426.67
241.407,0.998047,498870,512.00
250.367,0.998242,498968,568.89
259.071,0.998437,499066,640.00
267.775,0.998633,499166,731.43
276.479,0.998828,499266,853.33
286.975,0.999023,499358,1024.00
292.863,0.999121,499408,1137.78
299.519,0.999219,499459,1280.00
304.895,0.999316,499507,1462.86
311.551,0.999414,499555,1706.67
318.719,0.999512,499602,2048.00
322.559,0.999561,499628,2275.56
325.375,0.999609,499653,2560.00
328.959,0.999658,499676,2925.71
334.847,0.999707,499700,3413.33
339.967,0.999756,499724,4096.00
342.271,0.999780,499737,4551.11
345.343,0.999805,499749,5120.00
349.439,0.999829,499761,5851.43
355.583,0.999854,499773,6826.67
359.423,0.999878,499785,8192.00
361.215,0.999890,499792,9102.22
367.103,0.999902,499798,10240.00
372.735,0.999915,499804,11702.86
377.343,0.999927,499810,13653.33
382.207,0.999939,499816,16384.00
386.815,0.999945,499819,18204.44
388.607,0.999951,499822,20480.00
392.703,0.999957,499825,23405.71
396.543,0.999963,499828,27306.67
404.735,0.999969,499831,32768.00
414.719,0.999973,499833,36408.89
414.975,0.999976,499834,40960.00
418.815,0.999979,499836,46811.43
419.327,0.999982,499838,54613.33
423.423,0.999985,499839,65536.00
427.007,0.999986,499840,72817.78
427.007,0.999988,499840,81920.00
430.591,0.999989,499841,93622.86
433.663,0.999991,499842,109226.67
435.455,0.999992,499843,131072.00
435.455,0.999993,499843,145635.56
435.455,0.999994,499843,163840.00
436.479,0.999995,499844,187245.71
436.479,0.999995,499844,218453.33
440.319,0.999996,499845,262144.00
440.319,0.999997,499845,291271.11
440.319,0.999997,499845,327680.00
440.319,0.999997,499845,374491.43
440.319,0.999998,499845,436906.67
445.439,0.999998,499846,524288.00
445.439,1.000000,499846,inf
