Value,Percentile,TotalCount,1/(1-Percentile)
24.399,0.000000,1,1.00
80.639,0.100000,947208,1.11
90.431,0.200000,1900346,1.25
96.447,0.300000,2838483,1.43
101.503,0.400000,3796028,1.67
106.303,0.500000,4733122,2.00
108.799,0.550000,5210508,2.22
111.359,0.600000,5685127,2.50
113.983,0.650000,6149243,2.86
116.863,0.700000,6625074,3.33
120.063,0.750000,7101545,4.00
121.791,0.775000,7334376,4.44
123.711,0.800000,7572520,5.00
125.823,0.825000,7809412,5.71
128.191,0.850000,8043821,6.67
130.943,0.875000,8279296,8.00
132.607,0.887500,8404088,8.89
134.271,0.900000,8516468,10.00
136.319,0.912500,8639098,11.43
138.495,0.925000,8753182,13.33
141.183,0.937500,8873819,16.00
142.591,0.943750,8928597,17.78
144.255,0.950000,8987287,20.00
146.175,0.956250,9047458,22.86
148.351,0.962500,9106539,26.67
150.911,0.968750,9165896,32.00
152.319,0.971875,9194108,35.56
153.983,0.975000,9224474,40.00
155.775,0.978125,9253695,45.71
157.823,0.981250,9282811,53.33
160.255,0.984375,9312333,64.00
161.663,0.985938,9327291,71.11
163.199,0.987500,9342210,80.00
164.863,0.989062,9356829,91.43
166.783,0.990625,9371561,106.67
169.087,0.992188,9386883,128.00
170.239,0.992969,9393719,142.22
171.647,0.993750,9401401,160.00
173.055,0.994531,9408463,182.86
174.719,0.995313,9415732,213.33
176.639,0.996094,9423085,256.00
177.791,0.996484,9427021,284.44
178.943,0.996875,9430644,320.00
180.223,0.997266,9434347,365.71
181.631,0.997656,9438151,426.67
183.039,0.998047,9441690,512.00
183.807,0.998242,9443550,568.89
184.575,0.998437,9445261,640.00
185.599,0.998633,9447337,731.43
186.495,0.998828,9449121,853.33
187.391,0.999023,9450838,1024.00
187.903,0.999121,9451730,1137.78
188.543,0.999219,9452787,1280.00
189.055,0.999316,9453575,1462.86
189.695,0.999414,9454534,1706.67
190.335,0.999512,9455496,2048.00
190.719,0.999561,9456070,2275.56
190.975,0.999609,9456420,2560.00
191.359,0.999658,9456940,2925.71
191.615,0.999707,9457291,3413.33
191.999,0.999756,9457791,4096.00
192.255,0.999780,9458121,4551.11
192.383,0.999805,9458287,5120.00
192.511,0.999829,9458457,5851.43
192.767,0.999854,9458769,6826.67
192.895,0.999878,9458921,8192.00
193.023,0.999890,9459080,9102.22
193.151,0.999902,9459230,10240.00
193.151,0.999915,9459230,11702.86
193.279,0.999927,9459397,13653.33
193.407,0.999939,9459562,16384.00
193.407,0.999945,9459562,18204.44
193.535,0.999951,9459722,20480.00
193.535,0.999957,9459722,23405.71
193.535,0.999963,9459722,27306.67
193.663,0.999969,9459891,32768.00
193.663,0.999973,9459891,36408.89
193.663,0.999976,9459891,40960.00
193.663,0.999979,9459891,46811.43
193.663,0.999982,9459891,54613.33
193.663,0.999985,9459891,65536.00
193.791,0.999986,9460049,72817.78
193.791,1.000000,9460049,inf
