Value,Percentile,TotalCount,1/(1-Percentile)
44.703,0.000000,1,1.00
64.511,0.100000,1007370,1.11
67.263,0.200000,2005307,1.25
69.247,0.300000,3006429,1.43
70.911,0.400000,4010115,1.67
72.511,0.500000,5035463,2.00
73.279,0.550000,5522114,2.22
74.111,0.600000,6026457,2.50
74.943,0.650000,6500853,2.86
75.967,0.700000,7026402,3.33
77.055,0.750000,7511953,4.00
77.695,0.775000,7760753,4.44
78.399,0.800000,8003222,5.00
79.231,0.825000,8249549,5.71
80.255,0.850000,8499569,6.67
81.599,0.875000,8755640,8.00
82.431,0.887500,8879497,8.89
83.455,0.900000,9004607,10.00
84.735,0.912500,9128516,11.43
86.399,0.925000,9253676,13.33
88.511,0.937500,9376039,16.00
89.791,0.943750,9439361,17.78
91.135,0.950000,9501089,20.00
92.543,0.956250,9562982,22.86
94.079,0.962500,9626618,26.67
95.679,0.968750,9687869,32.00
96.575,0.971875,9718780,35.56
97.599,0.975000,9751145,40.00
98.687,0.978125,9781292,45.71
100.031,0.981250,9813273,53.33
101.567,0.984375,9843206,64.00
102.591,0.985938,9859512,71.11
103.679,0.987500,9874667,80.00
105.023,0.989062,9890190,91.43
106.687,0.990625,9905691,106.67
108.863,0.992188,9921364,128.00
110.271,0.992969,9929360,142.22
111.871,0.993750,9937005,160.00
113.919,0.994531,9944857,182.86
116.671,0.995313,9952646,213.33
120.575,0.996094,9960372,256.00
123.519,0.996484,9964324,284.44
127.359,0.996875,9968178,320.00
132.351,0.997266,9972114,365.71
137.727,0.997656,9976031,426.67
143.231,0.998047,9979898,512.00
146.047,0.998242,9981912,568.89
148.991,0.998437,9983896,640.00
151.935,0.998633,9985774,731.43
155.391,0.998828,9987747,853.33
159.999,0.999023,9989687,1024.00
163.071,0.999121,9990651,1137.78
167.167,0.999219,9991622,1280.00
174.463,0.999316,9992591,1462.86
189.055,0.999414,9993561,1706.67
218.751,0.999512,9994539,2048.00
227.583,0.999561,9995027,2275.56
233.599,0.999609,9995521,2560.00
238.847,0.999658,9996010,2925.71
243.583,0.999707,9996491,3413.33
249.215,0.999756,9996984,4096.00
252.799,0.999780,9997230,4551.11
256.639,0.999805,9997466,5120.00
261.759,0.999829,9997718,5851.43
267.263,0.999854,9997955,6826.67
276.223,0.999878,9998199,8192.00
281.087,0.999890,9998323,9102.22
286.207,0.999902,9998443,10240.00
290.815,0.999915,9998567,11702.86
296.447,0.999927,9998694,13653.33
302.335,0.999939,9998810,16384.00
306.175,0.999945,9998870,18204.44
310.527,0.999951,9998933,20480.00
315.135,0.999957,9998993,23405.71
321.023,0.999963,9999056,27306.67
330.751,0.999969,9999115,32768.00
335.359,0.999973,9999145,36408.89
341.759,0.999976,9999175,40960.00
351.487,0.999979,9999207,46811.43
362.751,0.999982,9999237,54613.33
378.367,0.999985,9999267,65536.00
385.023,0.999986,9999282,72817.78
392.191,0.999988,9999297,81920.00
405.759,0.999989,9999313,93622.86
415.231,0.999991,9999328,109226.67
425.983,0.999992,9999343,131072.00
429.823,0.999993,9999351,145635.56
432.639,0.999994,9999359,163840.00
434.431,0.999995,9999366,187245.71
439.039,0.999995,9999375,218453.33
443.135,0.999996,9999381,262144.00
446.207,0.999997,9999385,291271.11
450.559,0.999997,9999389,327680.00
458.751,0.999997,9999393,374491.43
464.639,0.999998,9999397,436906.67
466.175,0.999998,9999400,524288.00
468.735,0.999998,9999402,582542.22
471.039,0.999998,9999404,655360.00
473.855,0.999999,9999406,748982.86
474.879,0.999999,9999408,873813.33
475.391,0.999999,9999410,1048576.00
475.903,0.999999,9999411,1165084.44
476.415,0.999999,9999412,1310720.00
476.927,0.999999,9999413,1497965.71
477.439,0.999999,9999414,1747626.67
478.207,1.000000,9999415,2097152.00
478.207,1.000000,9999415,2330168.89
478.463,1.000000,9999417,2621440.00
478.463,1.000000,9999417,2995931.43
478.463,1.000000,9999417,3495253.33
478.463,1.000000,9999417,4194304.00
478.463,1.000000,9999417,4660337.78
479.999,1.000000,9999418,5242880.00
479.999,1.000000,9999418,5991862.86
479.999,1.000000,9999418,6990506.67
479.999,1.000000,9999418,8388608.00
479.999,1.000000,9999418,9320675.55
482.559,1.000000,9999419,10485760.00
482.559,1.000000,9999419,inf
