Value,Percentile,TotalCount,1/(1-Percentile)
64.095,0.000000,1,1.00
90.175,0.100000,2499336,1.11
93.567,0.200000,5036009,1.25
96.383,0.300000,7553650,1.43
99.135,0.400000,10021824,1.67
102.271,0.500000,12498348,2.00
104.255,0.550000,13775720,2.22
106.687,0.600000,15006261,2.50
110.399,0.650000,16256638,2.86
119.999,0.700000,17496934,3.33
140.159,0.750000,18747619,4.00
145.151,0.775000,19376294,4.44
149.759,0.800000,19997431,5.00
154.495,0.825000,20636735,5.71
158.975,0.850000,21246393,6.67
163.839,0.875000,21883175,8.00
166.399,0.887500,22196039,8.89
169.087,0.900000,22504711,10.00
171.903,0.912500,22806415,11.43
175.103,0.925000,23125044,13.33
178.559,0.937500,23437171,16.00
180.479,0.943750,23594156,17.78
182.527,0.950000,23747317,20.00
184.959,0.956250,23907449,22.86
187.775,0.962500,24061211,26.67
191.487,0.968750,24213887,32.00
194.047,0.971875,24292840,35.56
197.247,0.975000,24369091,40.00
201.727,0.978125,24448103,45.71
207.999,0.981250,24525082,53.33
218.751,0.984375,24603181,64.00
226.559,0.985938,24642278,71.11
233.983,0.987500,24681315,80.00
239.871,0.989062,24720180,91.43
245.375,0.990625,24759681,106.67
251.519,0.992188,24798135,128.00
255.487,0.992969,24817837,142.22
259.967,0.993750,24837314,160.00
264.959,0.994531,24857407,182.86
270.335,0.995313,24876607,213.33
276.991,0.996094,24896011,256.00
281.087,0.996484,24905781,284.44
285.695,0.996875,24915158,320.00
291.839,0.997266,24925049,365.71
299.775,0.997656,24934638,426.67
315.135,0.998047,24944458,512.00
325.887,0.998242,24949320,568.89
334.591,0.998437,24954228,640.00
342.015,0.998633,24959091,731.43
349.183,0.998828,24963976,853.33
356.863,0.999023,24968827,1024.00
361.471,0.999121,24971291,1137.78
366.335,0.999219,24973684,1280.00
372.479,0.999316,24976186,1462.86
379.903,0.999414,24978604,1706.67
389.375,0.999512,24980979,2048.00
395.263,0.999561,24982238,2275.56
401.407,0.999609,24983453,2560.00
408.575,0.999658,24984650,2925.71
416.511,0.999707,24985874,3413.33
424.703,0.999756,24987080,4096.00
429.055,0.999780,24987695,4551.11
433.663,0.999805,24988305,5120.00
438.527,0.999829,24988929,5851.43
443.135,0.999854,24989544,6826.67
447.487,0.999878,24990130,8192.00
449.791,0.999890,24990438,9102.22
452.351,0.999902,24990759,10240.00
454.911,0.999915,24991055,11702.86
457.215,0.999927,24991355,13653.33
459.775,0.999939,24991671,16384.00
461.055,0.999945,24991821,18204.44
462.335,0.999951,24991962,20480.00
463.615,0.999957,24992140,23405.71
464.895,0.999963,24992292,27306.67
466.175,0.999969,24992435,32768.00
466.687,0.999973,24992495,36408.89
467.455,0.999976,24992583,40960.00
468.223,0.999979,24992675,46811.43
468.735,0.999982,24992722,54613.33
469.503,0.999985,24992801,65536.00
470.015,0.999986,24992861,72817.78
470.271,0.999988,24992897,81920.00
470.527,0.999989,24992922,93622.86
471.039,0.999991,24992974,109226.67
471.295,0.999992,24993011,131072.00
471.295,0.999993,24993011,145635.56
471.551,0.999994,24993041,163840.00
471.807,0.999995,24993067,187245.71
471.807,0.999995,24993067,218453.33
472.063,0.999996,24993091,262144.00
472.319,0.999997,24993124,291271.11
472.319,0.999997,24993124,327680.00
472.319,0.999997,24993124,374491.43
472.319,0.999998,24993124,436906.67
472.575,0.999998,24993155,524288.00
472.575,0.999998,24993155,582542.22
472.575,0.999998,24993155,655360.00
472.575,0.999999,24993155,748982.86
472.575,0.999999,24993155,873813.33
472.831,0.999999,24993190,1048576.00
472.831,1.000000,24993190,inf
