Value,Percentile,TotalCount,1/(1-Percentile)
34.591,0.000000,1,1.00
51.903,0.100000,2505472,1.11
55.167,0.200000,5018678,1.25
59.071,0.300000,7502601,1.43
63.999,0.400000,10002708,1.67
67.519,0.500000,12503015,2.00
68.863,0.550000,13765577,2.22
70.079,0.600000,15029386,2.50
71.231,0.650000,16284326,2.86
72.383,0.700000,17536573,3.33
73.599,0.750000,18794365,4.00
74.239,0.775000,19411013,4.44
74.943,0.800000,20042338,5.00
75.711,0.825000,20672236,5.71
76.543,0.850000,21278483,6.67
77.503,0.875000,21879360,8.00
78.079,0.887500,22191862,8.89
78.719,0.900000,22498512,10.00
79.487,0.912500,22816714,11.43
80.383,0.925000,23124600,13.33
81.535,0.937500,23439612,16.00
82.239,0.943750,23594883,17.78
83.071,0.950000,23749261,20.00
84.095,0.956250,23905826,22.86
85.375,0.962500,24061336,26.67
87.039,0.968750,24219826,32.00
87.999,0.971875,24294667,35.56
89.151,0.975000,24373616,40.00
90.431,0.978125,24450149,45.71
91.967,0.981250,24528795,53.33
93.823,0.984375,24607893,64.00
94.911,0.985938,24647068,71.11
96.127,0.987500,24685325,80.00
97.535,0.989062,24723535,91.43
99.327,0.990625,24763036,106.67
101.631,0.992188,24802088,128.00
103.103,0.992969,24821774,142.22
104.895,0.993750,24840846,160.00
107.135,0.994531,24860256,182.86
110.143,0.995313,24879916,213.33
115.007,0.996094,24899209,256.00
119.359,0.996484,24909020,284.44
124.991,0.996875,24918773,320.00
132.095,0.997266,24928539,365.71
139.903,0.997656,24938243,426.67
150.527,0.998047,24948062,512.00
156.415,0.998242,24952951,568.89
161.407,0.998437,24957827,640.00
165.759,0.998633,24962735,731.43
169.471,0.998828,24967570,853.33
173.055,0.999023,24972533,1024.00
174.847,0.999121,24974968,1137.78
176.639,0.999219,24977326,1280.00
178.559,0.999316,24979792,1462.86
180.735,0.999414,24982301,1706.67
183.039,0.999512,24984644,2048.00
184.319,0.999561,24985851,2275.56
185.727,0.999609,24987065,2560.00
187.263,0.999658,24988322,2925.71
189.055,0.999707,24989545,3413.33
191.103,0.999756,24990739,4096.00
192.255,0.999780,24991341,4551.11
193.535,0.999805,24991937,5120.00
194.943,0.999829,24992554,5851.43
196.735,0.999854,24993173,6826.67
198.527,0.999878,24993772,8192.00
199.551,0.999890,24994086,9102.22
200.831,0.999902,24994402,10240.00
202.239,0.999915,24994693,11702.86
203.903,0.999927,24995000,13653.33
205.567,0.999939,24995303,16384.00
206.591,0.999945,24995476,18204.44
207.359,0.999951,24995604,20480.00
208.511,0.999957,24995770,23405.71
209.535,0.999963,24995904,27306.67
210.815,0.999969,24996059,32768.00
211.583,0.999973,24996137,36408.89
212.351,0.999976,24996222,40960.00
212.991,0.999979,24996289,46811.43
213.759,0.999982,24996370,54613.33
214.399,0.999985,24996437,65536.00
214.783,0.999986,24996480,72817.78
215.167,0.999988,24996521,81920.00
215.679,0.999989,24996560,93622.86
216.063,0.999991,24996598,109226.67
216.447,0.999992,24996637,131072.00
216.575,0.999993,24996647,145635.56
216.831,0.999994,24996669,163840.00
217.087,0.999995,24996690,187245.71
217.343,0.999995,24996712,218453.33
217.599,0.999996,24996734,262144.00
217.599,0.999997,24996734,291271.11
217.727,0.999997,24996746,327680.00
217.855,0.999997,24996756,374491.43
217.983,0.999998,24996761,436906.67
218.239,0.999998,24996773,524288.00
218.367,0.999998,24996781,582542.22
218.367,0.999998,24996781,655360.00
218.495,0.999999,24996787,748982.86
218.623,0.999999,24996801,873813.33
218.623,0.999999,24996801,1048576.00
218.623,0.999999,24996801,1165084.44
218.623,0.999999,24996801,1310720.00
218.751,0.999999,24996804,1497965.71
218.751,0.999999,24996804,1747626.67
218.879,1.000000,24996811,2097152.00
218.879,1.000000,24996811,2330168.89
218.879,1.000000,24996811,2621440.00
218.879,1.000000,24996811,2995931.43
218.879,1.000000,24996811,3495253.33
219.007,1.000000,24996819,4194304.00
219.007,1.000000,24996819,inf
