Value,Percentile,TotalCount,1/(1-Percentile)
94.975,0.000000,1,1.00
199.679,0.100000,1002141,1.11
229.503,0.200000,2000585,1.25
257.407,0.300000,3002579,1.43
283.135,0.400000,4002834,1.67
308.991,0.500000,5003255,2.00
323.327,0.550000,5507492,2.22
338.687,0.600000,6004171,2.50
355.839,0.650000,6501673,2.86
376.063,0.700000,7004919,3.33
400.383,0.750000,7501616,4.00
414.719,0.775000,7750507,4.44
431.103,0.800000,8002378,5.00
449.535,0.825000,8250447,5.71
471.295,0.850000,8502272,6.67
497.151,0.875000,8750358,8.00
512.767,0.887500,8875869,8.89
530.943,0.900000,9000108,10.00
553.471,0.912500,9126047,11.43
582.655,0.925000,9251576,13.33
625.663,0.937500,9375612,16.00
658.943,0.943750,9438040,17.78
707.583,0.950000,9500151,20.00
793.599,0.956250,9562711,22.86
1328.127,0.962500,9625017,26.67
1506.303,0.968750,9688146,32.00
1552.383,0.971875,9719286,35.56
1597.439,0.975000,9750301,40.00
1650.687,0.978125,9781527,45.71
1729.535,0.981250,9812507,53.33
1960.959,0.984375,9843776,64.00
2568.191,0.985938,9859378,71.11
2660.351,0.987500,9875155,80.00
2738.175,0.989062,9890733,91.43
2859.007,0.990625,9906341,106.67
3158.015,0.992188,9921870,128.00
3661.823,0.992969,9929743,142.22
3756.031,0.993750,9937595,160.00
3846.143,0.994531,9945436,182.86
3993.599,0.995313,9953149,213.33
4321.279,0.996094,9960931,256.00
4739.071,0.996484,9964876,284.44
4837.375,0.996875,9968797,320.00
4935.679,0.997266,9972653,365.71
5091.327,0.997656,9976550,426.67
5459.967,0.998047,9980456,512.00
5861.375,0.998242,9982409,568.89
6025.215,0.998437,9984362,640.00
6262.783,0.998633,9986319,731.43
6766.591,0.998828,9988262,853.33
7065.599,0.999023,9990230,1024.00
7221.247,0.999121,9991214,1137.78
7491.583,0.999219,9992172,1280.00
8028.159,0.999316,9993156,1462.86
8335.359,0.999414,9994125,1706.67
9035.775,0.999512,9995107,2048.00
9199.615,0.999561,9995598,2275.56
9453.567,0.999609,9996076,2560.00
9945.087,0.999658,9996570,2925.71
10428.415,0.999707,9997051,3413.33
11280.383,0.999756,9997547,4096.00
11689.983,0.999780,9997785,4551.11
12328.959,0.999805,9998028,5120.00
13025.279,0.999829,9998272,5851.43
13606.911,0.999854,9998517,6826.67
15753.215,0.999878,9998760,8192.00
16637.951,0.999890,9998884,9102.22
19300.351,0.999902,9999005,10240.00
28573.695,0.999915,9999127,11702.86
53542.911,0.999927,9999248,13653.33
114491.391,0.999939,9999370,16384.00
156893.183,0.999945,9999434,18204.44
193855.487,0.999951,9999492,20480.00
224395.263,0.999957,9999553,23405.71
260177.919,0.999963,9999614,27306.67
307494.911,0.999969,9999675,32768.00
327155.711,0.999973,9999706,36408.89
364118.015,0.999976,9999736,40960.00
380633.087,0.999979,9999770,46811.43
411566.079,0.999982,9999799,54613.33
444858.367,0.999985,9999828,65536.00
487325.695,0.999986,9999843,72817.78
522977.279,0.999988,9999860,81920.00
560988.159,0.999989,9999874,93622.86
602406.911,0.999991,9999891,109226.67
617611.263,0.999992,9999904,131072.00
624951.295,0.999993,9999912,145635.56
629145.599,0.999994,9999921,163840.00
630718.463,0.999995,9999927,187245.71
694681.599,0.999995,9999937,218453.33
720371.711,0.999996,9999945,262144.00
720895.999,0.999997,9999946,291271.11
758120.447,0.999997,9999950,327680.00
784859.135,0.999997,9999956,374491.43
785383.423,0.999998,9999958,436906.67
795869.183,0.999998,9999963,524288.00
795869.183,0.999998,9999963,582542.22
872939.519,0.999998,9999965,655360.00
873463.807,0.999999,9999967,748982.86
873988.095,0.999999,9999969,873813.33
937426.943,0.999999,9999976,1048576.00
937426.943,0.999999,9999976,1165084.44
937426.943,0.999999,9999976,1310720.00
937426.943,0.999999,9999976,1497965.71
937426.943,0.999999,9999976,1747626.67
937426.943,1.000000,9999976,2097152.00
937426.943,1.000000,9999976,2330168.89
1160773.631,1.000000,9999981,2621440.00
1160773.631,1.000000,9999981,inf
