Value,Percentile,TotalCount,1/(1-Percentile)
159.615,0.000000,1,1.00
1843.199,0.100000,9506,1.11
3420.159,0.200000,19005,1.25
5029.887,0.300000,28520,1.43
6639.615,0.400000,38005,1.67
8245.247,0.500000,47533,2.00
9060.351,0.550000,52292,2.22
9887.743,0.600000,57039,2.50
10715.135,0.650000,61777,2.86
11567.103,0.700000,66557,3.33
12517.375,0.750000,71270,4.00
13041.663,0.775000,73654,4.44
13598.719,0.800000,76037,5.00
14245.887,0.825000,78402,5.71
14950.399,0.850000,80769,6.67
15687.679,0.875000,83153,8.00
16072.703,0.887500,84324,8.89
16449.535,0.900000,85526,10.00
16842.751,0.912500,86719,11.43
17235.967,0.925000,87906,13.33
17661.951,0.937500,89101,16.00
17874.943,0.943750,89668,17.78
18104.319,0.950000,90272,20.00
18382.847,0.956250,90883,22.86
18694.143,0.962500,91489,26.67
19054.591,0.968750,92056,32.00
19267.583,0.971875,92343,35.56
19546.111,0.975000,92638,40.00
19922.943,0.978125,92936,45.71
20545.535,0.981250,93231,53.33
21397.503,0.984375,93528,64.00
21921.791,0.985938,93674,71.11
22413.311,0.987500,93824,80.00
23117.823,0.989062,93975,91.43
23822.335,0.990625,94124,106.67
24674.303,0.992188,94269,128.00
25051.135,0.992969,94344,142.22
25542.655,0.993750,94419,160.00
25903.103,0.994531,94492,182.86
26345.471,0.995313,94565,213.33
26836.991,0.996094,94640,256.00
27099.135,0.996484,94680,284.44
27361.279,0.996875,94717,320.00
27672.575,0.997266,94753,365.71
27951.103,0.997656,94791,426.67
28229.631,0.998047,94826,512.00
28442.623,0.998242,94843,568.89
28803.071,0.998437,94862,640.00
29147.135,0.998633,94883,731.43
29556.735,0.998828,94899,853.33
30113.791,0.999023,94918,1024.00
30294.015,0.999121,94927,1137.78
30457.855,0.999219,94937,1280.00
30736.383,0.999316,94946,1462.86
31064.063,0.999414,94956,1706.67
31440.895,0.999512,94964,2048.00
31653.887,0.999561,94969,2275.56
31817.727,0.999609,94973,2560.00
32112.639,0.999658,94978,2925.71
32342.015,0.999707,94984,3413.33
32456.703,0.999756,94987,4096.00
32636.927,0.999780,94990,4551.11
32964.607,0.999805,94992,5120.00
33095.679,0.999829,94994,5851.43
33439.743,0.999854,94997,6826.67
33538.047,0.999878,94999,8192.00
33554.431,0.999890,95000,9102.22
33685.503,0.999902,95001,10240.00
33849.343,0.999915,95002,11702.86
34340.863,0.999927,95005,13653.33
34340.863,0.999939,95005,16384.00
34340.863,0.999945,95005,18204.44
34635.775,0.999951,95006,20480.00
34635.775,0.999957,95006,23405.71
34963.455,0.999963,95007,27306.67
34996.223,0.999969,95008,32768.00
34996.223,0.999973,95008,36408.89
34996.223,0.999976,95008,40960.00
34996.223,0.999979,95008,46811.43
35225.599,0.999982,95009,54613.33
35225.599,0.999985,95009,65536.00
35225.599,0.999986,95009,72817.78
35225.599,0.999988,95009,81920.00
35225.599,0.999989,95009,93622.86
35389.439,0.999991,95010,109226.67
35389.439,1.000000,95010,inf
