Value,Percentile,TotalCount,1/(1-Percentile)
144.511,0.000000,1,1.00
238.975,0.100000,500,1.11
260.223,0.200000,997,1.25
275.199,0.300000,1497,1.43
291.583,0.400000,2000,1.67
308.991,0.500000,2497,2.00
317.695,0.550000,2745,2.22
326.399,0.600000,2993,2.50
337.407,0.650000,3247,2.86
348.671,0.700000,3491,3.33
359.423,0.750000,3742,4.00
365.055,0.775000,3869,4.44
372.991,0.800000,3992,5.00
381.439,0.825000,4115,5.71
389.375,0.850000,4238,6.67
398.079,0.875000,4364,8.00
404.223,0.887500,4426,8.89
410.111,0.900000,4490,10.00
415.743,0.912500,4550,11.43
428.543,0.925000,4612,13.33
440.831,0.937500,4675,16.00
445.695,0.943750,4705,17.78
451.583,0.950000,4737,20.00
459.263,0.956250,4767,22.86
468.223,0.962500,4799,26.67
479.999,0.968750,4833,32.00
486.655,0.971875,4846,35.56
493.311,0.975000,4861,40.00
499.967,0.978125,4876,45.71
510.463,0.981250,4892,53.33
516.863,0.984375,4908,64.00
521.983,0.985938,4915,71.11
534.015,0.987500,4923,80.00
543.743,0.989062,4931,91.43
564.223,0.990625,4939,106.67
578.047,0.992188,4947,128.00
582.655,0.992969,4950,142.22
596.991,0.993750,4954,160.00
607.231,0.994531,4958,182.86
617.983,0.995313,4962,213.33
637.951,0.996094,4966,256.00
641.535,0.996484,4968,284.44
648.191,0.996875,4970,320.00
680.959,0.997266,4972,365.71
691.199,0.997656,4974,426.67
700.415,0.998047,4976,512.00
705.535,0.998242,4977,568.89
720.383,0.998437,4978,640.00
760.319,0.998633,4979,731.43
790.527,0.998828,4980,853.33
806.911,0.999023,4981,1024.00
806.911,0.999121,4981,1137.78
834.047,0.999219,4982,1280.00
834.047,0.999316,4982,1462.86
921.599,0.999414,4983,1706.67
921.599,0.999512,4983,2048.00
921.599,0.999561,4983,2275.56
983.039,0.999609,4984,2560.00
983.039,0.999658,4984,2925.71
983.039,0.999707,4984,3413.33
983.039,0.999756,4984,4096.00
983.039,0.999780,4984,4551.11
1190.911,0.999805,4985,5120.00
1190.911,1.000000,4985,inf
